9.568637784714907,0.07547749528525792
15.722306714062322,0.034424516977633456
5.49690887302771,0.10187978935941468
5.31827706924869,0.10663987667516638
15.917266343718218,0.03113484390551334
9.65037133211591,0.07300347846091428
10.351678740549314,0.07444868484067961
12.372280685500863,0.05051718451662132
6.852114891694793,0.0793563197927697
17.10702050913685,0.03900853217399222
5.245440838919081,0.1042627545458509
9.17568367933197,0.089025968140261
6.70260377950893,0.07685296793552036
6.949136766000597,0.08210305016920623
9.62348967601903,0.0736679109850935
5.426184007364576,0.10531011894191093
8.400499758058046,0.09115680075767911
8.633060757256182,0.08100498603948945
14.514114827734057,0.046317525150062044
9.066607098276968,0.08650720159260779
6.525738266716103,0.06993652954268771
8.9364463965354,0.0804960865039062
8.795762927095435,0.07632027502277605
7.631619377999624,0.0875354852616487
19.063001848644117,0.021037982993466393
9.428363079602866,0.08180000642204668
6.934731101261111,0.0816065986876574
10.354744625937254,0.07430618195301963
7.576013132138238,0.08841637781307171
7.420667172059041,0.09030794119211102
4.9458721064612154,0.07702708360794866
21.578554102783226,0.011001651084992759
4.270146661386064,0.06408447796446534
4.873041462193439,0.07175990928861253
5.875057037498631,0.06981659170409625
4.261803555048582,0.06399345438185529
21.58374532228502,0.01100491993531571
12.368809317806175,0.05040129126105985
13.558181083956947,0.048907728366465314
12.368871816728557,0.05040337440071824
7.309300833240003,0.09128111821835391
11.413803946810575,0.05574367004701704
8.759962035326469,0.07642372675286148
9.084684776616863,0.08716020066580177
6.307285349043362,0.05738833468426338
23.54292821797363,0.003472081679198519
10.058524988212216,0.08095458029741166
7.844155381684705,0.08147142384801351
4.203949089441436,0.062460978520231046
13.072883719765922,0.044172420348379246
4.3730390361452205,0.06329068024296104
9.68280498327755,0.07242943364797971
12.304748440552345,0.048403789569951845
9.93601286266361,0.07690354947061222
3.6666489610655244,0.028490775857105386
9.437800505740988,0.08134378909415178
10.13939227112955,0.08170185311870747
5.951624237379804,0.06402925637963715
19.375169156595646,0.02312568964216536
13.122577602706846,0.04360565440446216
12.780733486387742,0.0519631334227256
9.182170547509884,0.08905663041611354
10.49747196447136,0.06966216864292082
8.073536116701579,0.07993072790982564
17.247280334865035,0.03995798013149287
28.950724973084906,0.007759491862504148
3.7101878307557743,0.029529539720809753
4.306700487591823,0.06415100192185591
6.272452674595926,0.0562398350110094
7.215636711564267,0.09086801328529026
9.704406559206724,0.07219666496142352
3.7109569924750114,0.029549915216844004
7.338558781490833,0.09112380373785253
31.142336425157996,0.0018642561822542706
10.005517262000465,0.07946479258425819
7.077312963004904,0.08711800347705051
18.073252502549565,0.020342375661004827
9.507011933350853,0.07806230163740566
8.347700074382104,0.09078887357557151
6.190608075347561,0.055148656542660435
5.71401892406619,0.08429050740595702
17.650238835292047,0.03059995746268684
3.866709499471013,0.03612958246453052
9.937110037209978,0.07694566792251653
11.013871256493763,0.05852735827885665
9.024502987539128,0.08472578119727844
7.284269462821367,0.09132335554783935
14.253528492114725,0.042470965508879924
4.179972330744002,0.06134393624318043
7.143933513786082,0.08935899658328557
9.037819355831495,0.08532231029769746
11.317670629786383,0.058510478267412964
15.21467441527932,0.0265990283197143
16.87179748661932,0.03567918994584355
5.403078480374586,0.1060343632831375
14.402087875185625,0.04550048591571985
34.61859160869468,0.005747852140594203
29.01102381814384,0.008062450507585079
5.561904783132867,0.0974470084895478
13.056819685476759,0.04440865298095173
21.784522242666498,0.010890280796442518
8.943360706399764,0.08082174776579829
9.175103184706447,0.08902252931940063
6.586321556371989,0.07312435363591925
14.966757277185952,0.03424999562277068
14.039295344451348,0.04096803870973083
6.742083035358675,0.07754731458482093
8.064544730200758,0.07970154456150008
5.127184093510121,0.09508564685656956
5.407404155315037,0.10591539902549794
11.35242002632403,0.05768126781753268
33.60550082296649,0.004933264431704595
19.046289820090767,0.02122886262402836
16.5345945657187,0.042088748789938187
4.682386079535785,0.0640631181492733
3.2691780746256263,0.02435588649635288
9.315797718508025,0.08672339011678389
17.809733100482845,0.026632274474890767
12.294004731242818,0.04810936910748304
10.89218028052637,0.060653129595810124
6.458172618369196,0.06572953424357691
5.483614422457086,0.10264927266534286
20.290614061494892,0.017954147543154143
8.247479143881282,0.08734800645339214
14.332153596710913,0.04420522485700341
16.577421506975245,0.04188040070537793
6.823572540004745,0.0788085734821948
13.65934479277304,0.049963845876788926
4.933412291298556,0.07600539192761613
11.056615042288072,0.058595868464056886
15.884271622093078,0.032012590922575815
9.084954049831786,0.08716932246649056
10.746314451314543,0.06609389804425711
6.85531392398629,0.07942420888817267
8.607885055853455,0.0824568317740642
5.240225121984613,0.10398710562780024
20.031776237788044,0.020296989847135877
34.702629741633594,0.00576422963491475
7.03026289136108,0.08525548782425733
20.35425872363259,0.017270841218919347
15.697047613508644,0.03432530442160115
5.1259672057710866,0.09496601167115395
11.94812189705587,0.04552305455866595
15.56539786200173,0.03172841312931434
8.315342873884259,0.0900023670494672
10.382314552467362,0.07307612019849993
13.941834655519141,0.04321293345088826
29.04204399147957,0.008099656650250793
12.718346044476577,0.053828050705570195
11.993827708378461,0.04557948567692518
2.8470373684021704,0.018976705119377213
7.97520272343475,0.07880055164478822
8.185704486822615,0.08438158628146629
5.008896482139364,0.08286662963365063
14.036821130295849,0.04100298034659935
11.109588934977808,0.05899594087308483
7.657234160229882,0.0870314717877735
18.729190376310246,0.023291633476365564
12.740776569169999,0.05320528738921506
9.320434896069013,0.0865561749613234
16.0429143399534,0.028300043702974707
17.8372350668788,0.025981866807040576
19.13398004529805,0.020466774620615424
25.332755847733658,0.0015721744071532
5.514161600343217,0.10080611186259932
6.67763071954606,0.07630071392282708
13.446438094366012,0.04636724643173484
7.601503649555609,0.08804325532570836
10.649811562401474,0.06828972131220624
22.58745336494963,0.009222212511969412
4.028635488335247,0.04938412274051628
8.477385845032599,0.08947394685891671
7.320843126004571,0.09123147533905179
6.389880496798539,0.06147230187334444
10.334451140591874,0.07526275474521965
8.722156506858049,0.0771487373448818
6.629332112663847,0.07487041168204717
6.456804393504006,0.06564164450195739
14.448810979085977,0.04606381516250857
20.306486170184414,0.017770112510531205
5.998375100877464,0.061081784255494785
10.634959902423159,0.0684609049850972
9.914363644716703,0.07607955451341772
7.7379190308644725,0.08494364848700632
5.77595846568073,0.07853843185817079
33.34770873525788,0.004041941308618743
10.93466129634009,0.05948836735509283
9.409301587320543,0.08271499728113685
11.793856451041538,0.04536887427472562
6.131680878414611,0.055775588642588206
5.114162048410325,0.09378899704333224
4.590265158052184,0.06200499415363235
10.203637775138686,0.08067275720881052
18.18590888768901,0.01782839836040839
12.54208497561102,0.05517095649281553
26.514335232194878,0.004856239717112878
7.800722964084235,0.082905193533543
7.083169333814032,0.08733879325096679
5.242375414786892,0.10410240847716586
15.70459222666467,0.03437034932455757
6.757520641650375,0.0777833060708818
5.829591294224245,0.07369308716210615
6.702806040032555,0.07685701647558144
8.09820964650983,0.08067753068198243
6.940459709333473,0.08180072306386696
3.7837148620723626,0.031926133454516274
10.841375525053698,0.062487786810666926
12.50132525767567,0.05443040183803792
21.9560146680461,0.00944738504793304
7.525221265719849,0.08906576547615586
6.589845471898212,0.07328463373827249
9.244132651731187,0.08864047190528877
18.659323085588447,0.022632952012190923
8.293583223451957,0.08927512200759759
9.516971717960077,0.0776148984114961
10.802423459149132,0.06403121360233593
14.889482634703127,0.03717178059312058
4.5009354425999515,0.06144124676227425
27.923683997205234,0.004459131671569122
15.23634606130498,0.026286891532154213
16.70778503704542,0.038590808698624725
12.247292657284396,0.04701839399374213
10.080269109704767,0.08136267474819958
7.277282178698505,0.09131734561905702
5.353914067989417,0.10680453403666046
6.500830913303631,0.06843491609716806
18.50169195250601,0.01949646453339778
8.8174753995294,0.0765283791623064
6.512830262583513,0.06916875127664829
14.869391318020934,0.03791884282941635
5.034780344491153,0.08551019544039531
11.741565498430734,0.045703569284595465
34.09318604246279,0.010960444768309468
9.493382367517507,0.07868843110770542
6.835117536999889,0.07901836009852484
13.236205807785527,0.04327098293031621
6.6500445945226065,0.07554874739219142
16.707039906448045,0.03861342483558434
13.978429587657361,0.04218205336425144
17.229424148458204,0.04000344769177898
15.496174615604493,0.02959511418786257
24.84294602485281,0.006037091286286273
18.065799540344205,0.020524772338553057
14.430450913660906,0.04587734915662909
5.2428929766042955,0.10412981387386021
34.15900102132338,0.011529228835334086
11.946362828944041,0.0455198661604249
6.287437816984178,0.05668619708676951
12.755488107688704,0.05276423370254872
11.472620804537701,0.05351312688643203
6.498815508623256,0.06831003860333897
6.07753141276299,0.057324871642310385
7.714651233661448,0.08562230353551008
8.505315282082167,0.08827514696050862
15.614054698062686,0.03302725598146371
12.020032838218771,0.0455900886000655
10.37734374862931,0.073289788135394
14.390220481122995,0.04531368558081734
8.914150423856494,0.07948812968832007
21.445227750693558,0.011998741587623105
21.038689587506532,0.020897673278328928
6.515004223933342,0.06929974747789203
24.13017899434862,0.006887267709079126
17.326501684806427,0.03913231420218002
9.8475957906521,0.07381790432795918
4.32691204374175,0.06399191381491742
13.91505643036161,0.044064471690218494
8.460654773384078,0.09005535028929769
21.2814766490594,0.016817800833042913
5.001584711516079,0.08214006350882445
9.5512690537346,0.07615679127910739
9.404221950041782,0.08295628674637459
7.734656761954971,0.08504210906352483
10.539658964647067,0.06915903540558582
7.698709690299568,0.0860529703963582
9.452613828453234,0.08062736440951075
12.53324801179558,0.055041269829872626
17.256303419710164,0.03991485150816452
9.591936999552738,0.07464141720260846
30.65595810311976,0.0020616328499124467
6.522567591169386,0.06975024755956992
7.466300744761341,0.08976763996598494
12.94817688561678,0.04668518279357184
13.219089873725657,0.04323187195172588
7.3710430002103475,0.0908478444270369
9.88563562491857,0.0750353706688462
10.065863306735114,0.08110755199885428
18.371711976564413,0.01701409191199628
15.453466098618028,0.028328215822341015
12.874420015481567,0.04885381295881714
5.86973809273879,0.07025575502578797
4.393554500849993,0.0629031437433018
13.706607046061615,0.049719325208783444
9.872964731236342,0.07460460405293111
9.045050485197839,0.08563459741677565
5.4837181402972615,0.10264347403879598
6.919931313540387,0.08112657648848005
16.223386072241645,0.030032251594707248
13.256300686791118,0.04335943236479866
18.568425467166612,0.02102195490098406
16.121470635497055,0.027930542990358444
4.705349868296937,0.0647213531311769
4.078230577148956,0.053929091626155765
11.075436107315992,0.05871279506618071
4.171533896902364,0.060884970539555085
15.430373659074647,0.02771356255701948
7.235500119715509,0.0910953552825756
5.474731136892725,0.10313356284917795
4.3758755388187485,0.06323831249722446
5.193511262848461,0.10093305831191086
5.887037034321466,0.06884323346032092
8.787971055694516,0.07629463388583256
5.757583455703398,0.08023834228003596
8.128141242585023,0.08179029621006666
13.824038165673672,0.047102603996194044
8.32430282269864,0.0902580406562594
9.200638500755202,0.08906587465505532
14.485369974059836,0.04628749307797068
16.52129873753482,0.04201911204283443
17.228851604118056,0.040004030261569824
8.2343189369796,0.0867332687260191
20.922732563203272,0.01914599302909154
7.026679476982134,0.08511033767741771
9.793219139742918,0.0725778132575001
17.880211878479265,0.02497356461466
16.870542543693126,0.03567994569274058
5.252902552483671,0.10463311654683102
4.647090264226952,0.0631501924955919
2.653502584410024,0.010966422751040896
9.832010095313521,0.07339446545631603
18.00955138638824,0.021902700724150816
6.431124613427918,0.0639997124333951
11.100576321869541,0.058916218092189415
5.926561187768054,0.06580362993661379
15.929752608403659,0.03079893167443241
6.49538761942311,0.06809669307363299
6.632603495632614,0.07498442500708025
5.604731398325545,0.09403708692688739
10.754707379505916,0.06581249688660128
6.4778922896467,0.0669925282989463
18.966890364912892,0.02221052867998588
15.428180952123352,0.027658653033790333
29.347908642058687,0.005869199329320046
3.3409885807454347,0.024406572103895005
14.117691058412573,0.04055015192867599
15.452162940017455,0.02829191176683885
26.893074085539673,0.0037503799005924334
15.376778598959383,0.026584240744024018
20.98449326817173,0.020249982911191667
33.80706769631101,0.006721741273529255
15.021823735975044,0.03218891971580765
9.38592448491675,0.0838116183423818
14.516095523753293,0.04631474820788857
7.476250941932491,0.08964933601197592
11.69531115657226,0.04633014241110335
7.266885956758015,0.09129271449093014
10.933345289857563,0.05951796317436359
13.951816313718405,0.042914053152144534
34.23034119406259,0.01140922893279675
33.90997310534848,0.008067188458793164
19.662531473140557,0.0222194450916893
14.488288947621266,0.04629650522550681
8.657645607841678,0.07969931417796595
15.642988855342114,0.03363479215714841
4.218062902982961,0.06298588304643765
11.635636325674575,0.04765872082991122
30.5089336346522,0.0033450373277776127
3.7339637737321496,0.030199338401958323
7.512327713534191,0.08922061379619413
16.77060272773915,0.036880807469435804
12.188282189276167,0.046120641098399084
12.636750201527645,0.05535275871718038
13.566490727117007,0.049060133208975926
5.885742500205177,0.06894732618861202
4.84176725067964,0.07000223701136687
8.46280603594401,0.08998683642768313
7.5856547974147865,0.08828032574659402
8.48014503017477,0.08936768474507685
4.602638911739265,0.062212450724949644
10.114709832887943,0.08170633322701697
7.327008604596958,0.09119807157127845
13.322852313013941,0.043986772860353
8.96753787866123,0.08198956434945932
11.73187643577214,0.045806904094000074
4.641824105473936,0.06302544720460931
5.803482188548289,0.07602407782585856
10.956689277468548,0.059059463394537284
4.715526859184779,0.06502863821348177
12.131193550494055,0.04571301736262749
12.479608866484115,0.05390145808707235
7.0535592575175565,0.08619241970399424
6.477927161671905,0.06699474943795299
16.07492131632812,0.027965621536922104
16.467486303318086,0.041059503679665134
7.2919419629497435,0.09132065672820784
9.484596356512082,0.07909926011120438
13.475059126991942,0.047052149488167605
14.297546054465831,0.043446874171473804
9.562500819688628,0.07571240339426988
17.76861185875471,0.027617766940293435
21.726384773485265,0.011126734156099443
11.385694064793503,0.056696222769297026
8.745153490916751,0.07663315039192123
4.709217735120336,0.06483699518079171
7.06231821324214,0.08653851665691882
9.877017497473897,0.0747399592014259
10.16775313585377,0.08142653165106079
5.572588540584536,0.09662738303742509
3.616210079339407,0.027492961691646195
5.1502898586397965,0.09728549861079198
24.445647926251166,0.004181853661263132
5.751173034715362,0.08083381587309858
9.291667667444674,0.08751708962010647
9.241196710620656,0.0886882797135812
5.085024446192863,0.09078683846143183
19.190469725640426,0.020450412460582528
16.702386635077026,0.03875519185434711
4.4854564008311355,0.061528142014924445
8.497940573646465,0.08861705150041276
12.394505313303604,0.051264125534628294
9.149802950867125,0.08876250048293513
14.019455771263907,0.04128428802499066
21.25118029633809,0.017848707790907067
4.110439621523856,0.05665785821743384
9.342681803926677,0.08569659053274442
12.851682634973837,0.049595292892084857
13.518029273935593,0.04806581885438913
4.685642733994007,0.06415351588743777
12.485979808424513,0.05406512807395691
5.624275878866989,0.09238316561839673
9.899388219024933,0.07552543797391717
13.170891438830543,0.04329537713375111
10.607953092599034,0.06869451138294207
6.730244189868506,0.07735612651400288
8.65817469437856,0.07967282653785515
5.220566162900843,0.10282696996309826
15.346344928250106,0.026172465108463484
8.361672358753744,0.09100326209772981
18.817588692498145,0.023406840029758316
13.973886798633314,0.042299575978082996
4.983663939873913,0.08040755870716747
16.189877980516926,0.02900419263160788
13.044036752808106,0.04461514261085818
6.085747205560668,0.057033291521011414
16.80567578068439,0.03620681694523082
6.271111399780658,0.05620349517641573
11.41516625773679,0.055695161201857135
6.301186211257682,0.05715945544971982
4.42061617789096,0.062395208426086354
6.1916269327952485,0.05514805416905721
9.040301455867445,0.08543049898035492
8.255747346842437,0.08772300710719218
20.684937938322324,0.016156578442662644
9.395533853697952,0.08336543723105146
19.037663440555736,0.021332066158977075
17.322922893266146,0.03919032823222382
14.43702911743929,0.04594959698087243
4.886879152041589,0.07263022664770492
8.305503243334027,0.08969121484681346
8.744355121522238,0.07664720064620377
13.459307803163611,0.046673526435475295
9.876791028706052,0.0747323329166236
3.9773235611891176,0.044659239364638156
5.038332111348452,0.08587968250510881
5.466200075940153,0.10357504147427656
16.604385447546647,0.041448591356466204
9.68246190266178,0.0724341203991787
7.198626536622824,0.09060729103108789
4.635240300981788,0.06287418907915485
4.831585392857417,0.06948771804213483
9.863613047050283,0.07430185064672472
22.62407741500266,0.009048870242803294
34.32255913290901,0.01009362775429481
12.360589543710535,0.050128632703092146
13.263697598599364,0.043403706764480146
6.30574276317994,0.057329368631586414
6.233101641511906,0.05542715724498971
9.917053054419787,0.07618078431191289
17.90672705221912,0.02435266149207888
27.1663222539179,0.0036925383818973
7.351200654158662,0.09102694386042234
4.183099172433811,0.061505443666795424
33.74000139054544,0.006019097486464418
10.240899612665807,0.07946148526666025
33.90179679866547,0.007946345382654988
14.386078858792773,0.04524480120747503
6.983049362819697,0.0833665419851936
7.924169961440275,0.07938445371718457
8.39622698163477,0.0911729508843129
8.968024851470714,0.08201336645706196
20.60779093600376,0.016085508832043297
5.908662768397144,0.0671456540287904
5.138118915149148,0.09614462624980205
11.272133445843965,0.059247051328882215
22.12940140692069,0.008213618556675678
3.4755779571896297,0.025364831206361578
13.572678301128152,0.04916756928301257
13.022492694501045,0.04500034632891883
5.999131107925516,0.06103828171873756
31.936075545992274,0.0009508620924670781
11.16612114845211,0.059451535864956
4.771084378377562,0.06690142034201464
14.988810831878506,0.033417383770645376
16.759175925054492,0.03715162130013618
3.5355371703117293,0.02616509859429953
18.666644843113158,0.022726987681304055
7.508514843759317,0.08926610232877774
9.90659962636513,0.07579003137807949
2.7476430852353846,0.015109722033386291
27.9682483139103,0.004805594420973616
8.66000334714304,0.07958186535873518
10.862489658702852,0.06168338768354558
16.91662383885397,0.035866307782825284
13.655271555013929,0.04996094164791499
13.412464951584742,0.045591359366730484
7.195828944793107,0.0905585204792165
9.111062543670261,0.0879611147606677
27.307159872524647,0.004197216358184938
6.772135185940367,0.07799980457693244
12.406835308324425,0.051677457650602374
7.722082518326831,0.08541171951745166
17.47222449999196,0.0356337987159051
16.226927017287874,0.0301589623881199
8.644926425893912,0.08035763349531215
8.931836579192597,0.08028194782431594
21.198039692687242,0.019433590943093118
7.537594901735209,0.08891480055318332
5.616358799638937,0.09305954188229192
9.118848056987565,0.08815957768367842
4.431038845197875,0.062213166956003034
5.493760688058253,0.10206670764696395
6.289430867017626,0.05675107586445226
16.47230403327638,0.04118865864612208
10.779036127668261,0.06493557232794897
9.947610850893598,0.0773489159385092
8.47848018403947,0.08943214133037886
7.197041990263237,0.09057987193118679
35.0107143460921,0.005162389118340862
7.719724054940463,0.0854792058617243
11.14090877134479,0.059269195162338445
6.1336296999070266,0.055736685008009726
9.866860417739108,0.07440540550726181
6.484346783461751,0.0674024464385156
12.571236241498045,0.055466520990731544
4.171147097993792,0.06086313428845998
16.064063070818932,0.0280532423370191
8.262975017149039,0.08804204540905815
14.739801972147484,0.042362141257710255
10.0773620779239,0.08131618774583786
9.96898162947486,0.07816125887251633
17.462105032616844,0.03592257423972135
34.77173694131254,0.005893162752360638
7.821871759303425,0.08219727219102989
6.948368722165902,0.08207590151496126
11.406823952784016,0.05598905191525016
6.761137199351173,0.07783722082424827
11.10902399921237,0.058990900620648615
6.5949045110534605,0.07350943494451466
7.331631329973465,0.09117010631043018
4.180405870968614,0.06136660821578825
5.250576811254519,0.10452072571984555
9.414189795062368,0.08248160540995252
5.431481510938383,0.10511415214751736
16.83407156651996,0.03585725115585872
3.902304646942915,0.03852732515504231
16.20238924954487,0.029350851904667328
13.404085181200266,0.04541060216056161
8.335239777439936,0.0905317962057756
5.6153201824986185,0.09314764534741066
4.528857360294426,0.06142456076245913
7.6800468820607195,0.08651889839415328
13.321267515181775,0.04396587900930484
12.311936582028626,0.048608749367288324
4.759169988661263,0.06646787073004409
10.7409401373479,0.06626747985734002
13.372715917735755,0.044784162040466036
12.176737210164424,0.04600563857651765
20.41868444424209,0.016753255944469792
4.786302725729694,0.06748657254659993
5.086048356479808,0.0908939699248069
3.035032176245831,0.023473689610443382
22.70791469378526,0.008404518908703341
16.322612361694468,0.03455855599502391
8.596024257827251,0.08316404828239346
17.229701838808392,0.04000314561123528
6.309164543553736,0.057461145107580075
12.614710945189465,0.05551159843160087
12.397291719405061,0.051357797804485565
14.287924938699161,0.0432314662665824
4.346088342914108,0.06374469033420106
15.044257812500897,0.03137477878808846
8.5318530798954,0.08691870169880764
15.920436313453903,0.031049450978847558
4.001960232033007,0.046902288574885785
9.819557904859067,0.07309356270693598
5.313686133753673,0.10657179561354013
13.648657309862939,0.049948307424873065
7.527510222085085,0.08903804972182097
13.083333441860079,0.04403264172399653
16.64697144818939,0.0404170243349776
8.437021785981784,0.09067965522426716
12.27648076102449,0.04766243833987083
10.823214797307878,0.06320504132730374
13.580366997844918,0.04929333039687683
13.47297431260684,0.04700195827421916
7.705738116291751,0.08586672288199072
6.592684386868708,0.07341155559037635
18.507428748785713,0.01963074965860583
4.915930075159448,0.07465526239005671
10.673495928649267,0.06793406844217637
6.352261308346549,0.05940682148822594
10.307265252268099,0.07656384824362178
9.225325202172383,0.08889977194251539
2.617098776737172,0.009376467975076101
5.422721503428224,0.10543231896179425
18.37734417519536,0.017081359957032624
9.071108374138262,0.08667702624485954
13.304165135942675,0.043758692636496344
9.159794959672428,0.08889079985459244
15.17543471055307,0.027374325859346745
12.617041027574748,0.05550049307029177
9.61394305219105,0.07394160168596434
7.203850055251965,0.09069389616223476
16.479368935691394,0.04136319132338047
19.350001230622013,0.02266202620139771
5.377242975515177,0.10657646180884829
4.474542039586962,0.06162108793334795
9.22344858527563,0.08891944460316131
7.217560836940423,0.09089364381777394
10.048298704951824,0.08071720587536838
10.430226225337163,0.07126865990205897
10.195130325993,0.08089070194850047
21.322689328876834,0.015381495323767643
12.997683646577359,0.0455018016654007
18.50996203081651,0.019690100448972733
16.396071070677394,0.03831588718082184
3.9181496724302463,0.03970944482771093
9.086531676791399,0.08722239214515531
10.634635374764787,0.06846425735719906
15.932321230694264,0.03073010932658468
8.568227871852068,0.08483216573227487
9.491681991064242,0.0787675369306768
4.839803662820344,0.0699009329909019
3.3145969182958948,0.02436174047507489
9.463794583555273,0.08008885418858896
9.784957886317223,0.0724520276829535
9.085937182482063,0.08720246910368357
8.882005848369616,0.0781998833196031
10.778113732737593,0.06497022756677437
18.73273788356655,0.023311040318780563
9.396077631150058,0.08333997646790903
11.739400317123883,0.04572543615484967
7.299911600579434,0.09130804509060415
7.932285640312457,0.0792442933962386
4.7921078771645655,0.0677200600116325
27.986763263662784,0.0049271073175054326
3.4919882233348063,0.025565232335226017
7.890923144479539,0.08011627316291112
8.697558921950476,0.07794366678647759
14.557010820211124,0.04611714413304377
9.354931271716147,0.08518751695056284
9.581091536131822,0.07501918197741472
6.569978688185182,0.07234228538370405
3.5454954442965065,0.02631446038332049
4.753114915855834,0.066254970131146
4.535348032166054,0.06144680437856646
10.256968829889681,0.07882810404051373
34.327857577357484,0.009988906915488253
9.548670048814975,0.07626215809259819
10.356023086216137,0.07424702971967526
11.325105851685867,0.05835169558207999
4.763757347864048,0.06663242398352007
9.011220345804759,0.08410784506890208
10.497634999605095,0.06965958502277561
33.97739339548128,0.009143805067164749
11.481118828427363,0.053176211523346534
13.733314184778006,0.04935587270675531
11.633880571188309,0.0477065833321625
7.30254155302115,0.09130178340542619
13.904494615513142,0.044415084590162884
10.254866223501946,0.07891418869247048
7.826728785852547,0.08203655950630233
4.824644744349492,0.06915181937196074
15.02053608020995,0.03223624805232579
19.959796259990338,0.02023471607464653
12.638575391748342,0.05533428991378453
18.886971101177117,0.023027956201461725
3.2934539506297886,0.02435026647537689
8.987824828940381,0.08298193891390784
8.267502855571228,0.08823719009630857
7.535541036578504,0.08894007152194867
14.104425058823809,0.04052741848203662
4.401975845947182,0.06274204630141483
7.496340610492773,0.08941085427153307
8.657309157121999,0.07971619710558914
8.750053998577055,0.07655307205808866
14.418537398460298,0.045731619205630264
18.424821730864164,0.017828992108222058
14.910934839644678,0.03636564502409263
13.024308401931942,0.04496607858785568
34.56594376528719,0.005967947353525176
12.814506693107475,0.05084048956119836
6.57858369819022,0.07276191509004985
16.16543744603331,0.028460271249806122
11.087268171405308,0.05880368354702356
5.224914127249924,0.10309976699098375
15.649840481386196,0.033756163679710544
11.85214972192775,0.04532621955786276
4.244372470022407,0.06370161214029989
17.644401477040685,0.030754731195792147
7.784157624265112,0.08346033298563038
6.621673358310449,0.07459317936910038
4.615126445879478,0.06244747028665484
5.666917151842684,0.0886159770956811
21.992985753817276,0.009135116488889861
15.932997581976663,0.03071201336782086
6.016866929217029,0.06005792483428295
10.585019723305837,0.06884558156965997
20.02211303882095,0.02030535904220169
13.817118664529318,0.047317205632642856
8.123161543203727,0.08159120891590309
5.136010828917011,0.0959428236251676
22.093011729814915,0.008417741503282117
11.24929637622125,0.059460852193253415
7.151829834413047,0.08957636152415199
11.118071491158371,0.059071798138341715
29.172669315965887,0.00753690401714542
9.63814369029841,0.07328561368779264
20.336556706733308,0.017445176255657953
22.528414185296022,0.009288350636641216
9.972197834990867,0.07828140889496915
7.260873786262541,0.09126955065102474
10.189406179069312,0.08102395162945193
7.3475651857847595,0.09105632781077024
13.487375922201668,0.047348043854997864
5.869809969597823,0.07024979271617905
7.44797020115655,0.089985788215294
7.105243836255946,0.08813564280419198
3.810769835695154,0.033094572463347384
6.686751712582521,0.07651516515624608
3.469448890222046,0.02529404977724253
10.567542569839578,0.06895423876935323
9.61636488359219,0.07387038937675977
9.18544440066836,0.0890666892765991
9.457768150501153,0.08037872639900653
9.862858336677489,0.07427803314770239
16.191855948778475,0.02905596496132908
12.255132183819901,0.047178531910284024
7.685147383355167,0.08639573321186969
17.04965799550724,0.03799055552517446
14.546409506103073,0.04619392269603576
8.378335098391693,0.0911509652122921
6.407697147025469,0.06253907309130836
7.090448298152686,0.08760811204940408
4.493719420167271,0.06147502866490584
9.680462516275345,0.07246203878289573
9.941984629503667,0.07713289408743208
11.148258106806798,0.05932752700844545
12.087363932097034,0.04561002420057421
3.6337139975665913,0.027820503829151823
8.591759764377782,0.08342008512882433
4.556035455271677,0.06158187495003758
15.575910292918348,0.03203190794277094
13.426335341937476,0.045900778516345775
6.827660128935463,0.07888118752958312
5.545405442200465,0.09866689958016542
17.552324614498204,0.033309981823627766
9.65006730835238,0.07301007284942816
8.887114517490588,0.07838840720854391
8.059795233475128,0.07959021973393407
12.098651615460717,0.04562486859075723
8.853492040068845,0.07728575932428677
13.932911739205991,0.04348944309433871
10.761476451146676,0.06557701670834198
17.857525389967677,0.025505025144325465
7.982754500701185,0.07877855872047566
19.60478078396284,0.023278720876457267
6.328380484468763,0.058265519102555625
16.96975691075704,0.03653148448665256
9.40305274606083,0.0830116240462335
10.050445447232317,0.08076928924424377
10.80928382126298,0.06375952990172047
5.414778038703188,0.10569471205889082
15.505573225809393,0.029887156087077222
5.365759225389047,0.10672079869465809
10.235920299045784,0.07964545388409279
6.654290905039854,0.07567533837103695
6.510357210731434,0.06901896370854427
5.608011292064226,0.0937633291802432
5.046678056851011,0.08675225635394908
8.024772727580622,0.0789858961620095
10.253325138344035,0.07897670067345051
16.704927479537375,0.03867767568426253
7.41260526716839,0.09040117716789545
15.222618622010211,0.026474447119502403
3.3399798870390054,0.024404132471365803
28.10404624132268,0.0051790168203558595
5.365422952187977,0.10672409724263199
25.21499768711835,0.001806746568764825
9.027331682583089,0.08485461629488862
34.342627581810326,0.00968706705831087
17.1273018207687,0.03930858542856572
17.926872519601726,0.023879531451087215
23.810034648559608,0.0057738258223583765
3.8756198921127716,0.03669551138605519
4.1456031344686,0.05927297005762065
10.91650857027604,0.059934696545308176
11.397045390778183,0.05632333653862513
16.86418579949738,0.03568912540791788
6.68233179893403,0.0764131989538096
3.6167423208957645,0.027502675402334042
33.1586435279263,0.003455925100735705
8.03549532926188,0.0791296632678702
4.519946067577106,0.061410038890157365
15.582261145114117,0.032210041878617285
4.208532274422695,0.06264229186065029
22.221519174694237,0.007923204093051084
8.405892542429319,0.09112453722822997
10.377407234296939,0.07328703377977161
21.348356332384654,0.014520223779982747
10.513497793686529,0.06943423196118909
10.420114213756374,0.07160748932311158
10.653997503938806,0.0682346865579851
18.469149554184835,0.01874866318416631
8.608032638170933,0.08244809662462027
10.814856757716049,0.06353787748319835
10.872307390525675,0.061327111984646715
8.831625308317875,0.0767676325577184
9.481854205934123,0.07922847315442179
7.70093699178717,0.08599457783903586
14.931071114794419,0.03560377405326753
16.695670597136868,0.03896099332028252
17.227487943461373,0.04000519954491361
9.471146600856704,0.07973685948695525
10.032318438099997,0.08029440323592706
16.847725308532848,0.035755220796676264
10.369400181309114,0.07363928652612094
6.5341965009239775,0.07042540371697659
6.205911747694195,0.055177120242798534
10.937878596712928,0.05941787485619677
7.979206540997938,0.07878669745186583
12.30523776021781,0.04841754515836352
16.545668805849107,0.04209668274902192
7.059208555256121,0.08641618815194671
5.381207934557333,0.10651252577747083
10.484483535981024,0.0698868732509532
9.187612577904442,0.08907135101476987
20.37139569856752,0.017115108250191923
7.075190889466031,0.08703716865833298
12.103351766083692,0.04563306075872947
34.5882458170363,0.005845129733215222
14.436329305620172,0.04594219551700573
8.792776468831066,0.07630732707622805
10.652895230145834,0.06824948677483762
4.289065703000014,0.06418242064521698
5.505460666720211,0.10135782032562053
9.021737282314273,0.08459881002878426
8.805344051163523,0.07638767537612132
8.219017294436261,0.0859992874858705
9.764550274921072,0.07221887994151838
18.339399081358184,0.016729566825569035
5.375462016988509,0.10660284526559648
15.485472447506156,0.02926653181054859
20.559615665692128,0.016159819543513032
11.848639104707166,0.04532231922295418
3.051804877817239,0.02367967775532748
18.72471212657806,0.023265247002855045
11.369787818755082,0.05718843968582072
7.453474812806714,0.08992029741579213
9.581965660165586,0.07498797794773804
19.01635469824072,0.02159551564258498
7.865530235043496,0.08081547655665702
9.143899952289335,0.08867122069388458
8.1358878144917,0.08210984632495592
4.263573438620753,0.06401532501750859
9.672662548680245,0.07258074842577193
9.06696596919501,0.08652090888178086
19.49915667434763,0.024327526407058077
9.524927644250978,0.07726454839440301
5.236637736945856,0.10378958909420259
12.143192967117244,0.0457678973141249
19.387405867013083,0.023337176006202703
6.551693466782227,0.07139549611019513
5.031660760361573,0.08518675587175031
5.399350168522406,0.10613056183507685
15.500656138012733,0.02973405480704351
18.695773601093023,0.0230429821679988
11.689197420515429,0.04643901574082205
8.347028946440368,0.09077657511832231
15.412487862478004,0.02728554967823645
25.94322430518,0.002316081900790778
14.386396395990204,0.04525014768965992
17.889676500958906,0.02475202390768683
8.003110948650505,0.0788083987918149
19.390092022816383,0.023381898895814185
13.018065586733234,0.04508529053760304
17.00379103177279,0.03712009990885301
7.243232733144719,0.09116191196555477
8.90817448915556,0.07923179593029449
13.299523160490258,0.04370828333717917
13.776115174489876,0.048463494710680455
9.961288903864286,0.07787117135800208
8.558736997633476,0.08539342981250495
9.16101966547809,0.08890423805606963
8.110898141964707,0.08112383218567396
6.719220264962718,0.07716650294025236
24.886711612480497,0.005970741260094381
16.09625169234881,0.02787803805910943
4.928349942550013,0.07560431562532413
18.443049333216717,0.018187363264776085
5.556670368941218,0.09784024420089793
9.746537611169293,0.07210734499375492
3.032762657483651,0.023443468862713517
8.141246702050905,0.08233745805815046
5.14664336058914,0.09694819867649351
9.74738714783163,0.07211059254150906
10.095853266005514,0.08156664623403369
16.366636933168866,0.036859836278450304
8.038844931762785,0.07918211313674428
9.660622520163008,0.07279401349344751
7.158836631587502,0.0897591641433996
31.86966971497887,0.0006081712554508894
8.65871617619695,0.07964579683130135
16.391108451224188,0.03807938147933592
6.066494749097409,0.05774707732980599
14.783424151429042,0.04096424416287893
6.292595462559924,0.056856708388372694
4.798188253148553,0.06797122078163924
5.79463343541041,0.07682710283904876
15.976319672314135,0.029600760922495493
14.28953015968644,0.043267427700333365
5.32228998994528,0.1066904916147696
7.003353472261292,0.08416873336165388
7.016073656786254,0.08468091373441673
29.106712558400137,0.00794472955971287
8.232605824911913,0.08665194095912924
33.70689618697434,0.0057115420289481095
5.015694828678502,0.08355105917637447
10.329775800781265,0.07548628932757415
6.691940792572397,0.07663038775345425
9.005839967354541,0.08385236188058624
3.1251864085789776,0.02424803830369978
4.139310327977407,0.05883873199221605
17.33367688644578,0.03901063325983712
6.722665703764207,0.07722715684108553
5.7559078646776,0.0803938995942077
11.520511965867762,0.05161276161251695
4.32561652619116,0.06400554171522703
8.003129501914264,0.07880848616711775
7.246359733487107,0.09118542079248193
7.4045264201938314,0.09049310322467023
2.930772059070959,0.021480101788178527
10.30742031975553,0.0765564681573738
4.304861852952492,0.06415930595748381
7.943597990323029,0.07907724378100206
2.7022943440715865,0.01313464411114443
10.953936149292261,0.05910613589107125
7.115632981700719,0.08848797282878297
8.089186057025326,0.08038510494705511
8.848654156375705,0.07715643027686393
9.171049309952659,0.08899533629839877
5.7168327283218,0.0840291640962718
7.551148412872339,0.08874524948161033
6.815103280724176,0.07866338347482654
8.970155664332694,0.08211757358534645
9.401949995513974,0.08306374204084245
8.010342219510257,0.078850835854869
3.3590425288604133,0.02446108460379968
9.111166816742399,0.08796389171955406
9.870074012950965,0.07450955249636883
5.217762155169559,0.10264626651716117
15.042222840238164,0.03144772360918181
7.95887847579963,0.07890721245203629
9.439213889089265,0.08127539937729884
12.763979603953166,0.05250018001349731
13.834475393364615,0.046770188690975434
4.114983167885461,0.05701993433860289
13.399665103651515,0.04531734819515186
9.3816061095037,0.08400957092203144
13.834555573138829,0.046767598677663204
7.332951933560958,0.09116167717208061
13.5167301731887,0.048036323826953914
6.938268973041884,0.08172595794567461
6.296339108026804,0.056985783515939525
11.251099386798266,0.05944771175550688
7.2243826537688625,0.0909782409603297
18.923142251617545,0.022698706224928963
9.817306009942953,0.07304291178544815
23.16066999454804,0.005745697572176857
3.9694635470747914,0.043961018365391305
10.672879479139098,0.06794474861392111
19.514601549375186,0.024289587416818244
12.989657791877539,0.04567724832470564
12.947972878595557,0.04669054883627764
10.570856482787535,0.06893319679305579
5.110430414932075,0.09341132594623526
16.269944376929594,0.03193927244190552
7.2841185697667585,0.09132331242036656
8.687411703539475,0.07833937878584916
11.948922656430751,0.04552448341681737
