0.4435357841639003,0.7706355684052778
0.5405887875856316,1.1288847178635857
0.8404252943721775,1.5104186681757275
0.39167631491906396,0.5956606489542666
0.772678414770389,1.6030276670334933
0.4828220821944696,0.9138410393101501
0.6265599842884416,1.41445188807445
0.562130623302308,1.2066704355762476
0.4507433511084954,0.7963887902915439
0.6842098360476624,1.5466759110773034
0.6502482452345276,1.4763981907075572
0.6698502115822089,1.5198548629878035
0.21510678683447637,0.1891016208616383
0.3247632331001731,0.4048272715854032
0.6576348372252494,1.4936584010848781
1.3818499641214863,0.043048568125263954
0.46538660023267087,0.8495090589780767
0.8215394573566046,1.5477126138231354
0.7660158754795949,1.6057699326094756
0.8252513387883873,1.541052520365148
0.9686893690665259,1.0840871271405321
0.5317105346781842,1.0961770968685824
0.8776561911997773,1.4137595165611718
0.8482077765229838,1.4926503105910216
0.9495630830526793,1.1606738379978256
0.5110749292297896,1.0193393960939017
0.5415772774776699,1.1325071583016422
0.31333621813462015,0.37672212379264186
1.2197250246948768,0.23089691721286687
0.6067969009358262,1.3559850736957553
0.8576772432387846,1.4692340230637801
0.3779545584779419,0.5530189277615649
1.1020156289813812,0.5561823835686246
0.7624807312975154,1.6067507567830324
0.9287856656667389,1.2405626439103934
0.6826141980097069,1.5439163045115065
0.9305817195230615,1.2338274339567854
0.9346266325720898,1.2185314491467931
1.1376627563592598,0.4388827964066871
0.2551287267582869,0.25422963068034365
0.8996185069939342,1.3442459911777846
0.770240300612915,1.6041666512157373
0.8212010493133879,1.5483031679756738
1.1382276828602498,0.4371495694586233
0.8253548659049222,1.540861990276885
0.7063886966727978,1.5790232339559969
0.5541336552378002,1.1781064367322585
1.1432206763597537,0.42200831921010823
0.5656426018002627,1.2190760490838295
0.26548995088161287,0.2735512759055075
0.49518320124058224,0.9599076080760047
1.0234784063001299,0.858567150065993
1.3103778192848339,0.09666732808690934
0.6438398542055896,1.4606011005458053
0.9150936992097701,1.2906546807911836
1.0968315782133227,0.5744720464778653
0.7228475286872735,1.595439821633333
0.6443322204278454,1.4618411553741142
0.6398212018231236,1.450319746806616
0.6395996219341218,1.4497446462885923
0.9771433268924183,1.0496040089776286
0.6307562202433048,1.426113227802624
0.918346186648981,1.2789668293753864
0.6467994003715929,1.4679893744820907
0.5393779519639667,1.1244418017309201
0.5702130149281976,1.2350805998528223
0.9597136951902363,1.1203168001858375
0.8759436639063367,1.418820285861564
0.676747258646937,1.5332901342115908
0.8279438597795292,1.5360135220939604
0.8083712472924444,1.5686093049394274
0.6484560118029069,1.472055716746624
0.28924832647313314,0.321874762632746
0.6204525675929297,1.3969895940034265
0.8833584124197116,1.3965182307189297
0.8684143295919895,1.4404058630867143
0.40176950012263757,0.6280851380019065
1.0207174576639957,0.8698930646111186
0.6673137553921002,1.514663706235041
0.5474238225771237,1.1538407340091037
0.4741835397407191,0.881847033120149
0.45051214408808066,0.7955583200468748
0.6357401386834938,1.4395925388731998
1.0458903603047418,0.7677812085679468
0.7253607929221815,1.597355182546667
1.2470949966979172,0.18075542467871114
0.6434873877860736,1.4597107396227722
0.7314789139222977,1.6013504095810713
0.5730498603126374,1.2449299359096162
0.4199652277848915,0.6886426826429287
0.843776539355868,1.5029341179924727
1.0530079886674795,0.7395179721599892
0.24024351361522867,0.22827895907629278
1.0501314531236605,0.7509009644617877
0.6662943666005742,1.5125401652789243
0.8283578018503169,1.5352234450644242
0.9743502769558426,1.061029138180186
0.4598920461936139,0.8294626171598866
0.6583696657986071,1.495318255369655
0.7936228566877376,1.5868277684122667
0.8674118016970027,1.443196444923471
0.8173017327284783,1.5549057069775556
1.3292031558581792,0.07894832244508607
0.9490574656810532,1.162664195826152
0.5202124147170635,1.0534608261299188
1.0758230801324207,0.6514376073536489
0.6580527272792798,1.4946036339924023
0.941147404070635,1.193523440821874
0.8327006315472967,1.5266891804282878
0.9055253389768072,1.3242022048941289
0.474877034201858,0.8844075858675872
0.7439283309207062,1.6065220164900222
0.5142682896081818,1.031275224391887
0.7571067093784032,1.6076123422308486
1.1490128263517574,0.40484637913966337
0.8287634582977597,1.5344452177935077
1.0861807539190365,0.6129429797495718
1.1358988764860145,0.44432061549088075
0.5351173491009348,1.1087619761815792
0.8599972177581312,1.4632057581264744
0.7076321000852498,1.5804946182194612
0.6544695925929338,1.486389295342757
0.2743015122123265,0.29081403695908614
0.6293505045343316,1.4222380212484305
0.4792885048326012,0.9007293796954187
0.8582109724764015,1.4678571537462448
0.7070945760501106,1.5798631068820954
1.0359362029337895,0.807810269806624
0.44329356273409837,0.769775123986854
0.6497061000271245,1.475090868666303
0.3691916857903268,0.526695749299526
0.4604273581460064,0.8314099899290149
0.4954816210580911,0.9610225323035507
0.7119524686928471,1.5853163114944564
0.20235226299183767,0.1713443074023988
0.6693313027235138,1.5188036672994887
0.8873903598956576,1.383974699995209
1.0441655233318792,0.7746778411171739
0.5172804757135412,1.0425240105245441
0.8111684448876366,1.5645311783727338
0.8067224079770745,1.570920974400754
0.8012255102130492,1.5781300418384114
0.6662341400790558,1.5124140404732884
0.666065893971975,1.5120613122752697
0.6130419194693153,1.3750597565267688
0.7799111564142982,1.5987299644883977
0.9114564315765384,1.3035581167067256
0.6333163235840951,1.4330883839940716
1.1431440869736749,0.4222381580174257
0.7790119633031284,1.5993389870211672
0.9359474221626842,1.2134999134995668
0.7213652151415013,1.594235813329019
0.6011816248619908,1.3383982111643127
0.9415056425902211,1.192137761450678
0.8439609749349857,1.5025148389873635
0.7692154354812368,1.6045987509815292
0.7996752617966134,1.5800240003826749
0.883604810378644,1.3957599319645746
0.4835598436880725,0.9165823840780029
1.1072514024101654,0.5380123623623672
0.8038031284805182,1.5748451554193108
0.9208663936215079,1.269816902386311
0.8479607017483781,1.4932351913160709
0.9633579394905132,1.1056615131530885
0.9183333902966274,1.2790130824348935
0.7459736482359975,1.6069883889672965
1.4738106034217653,0.01292045204641033
0.9892600174904171,0.9997656106710385
0.8222341583253577,1.546491556170759
0.6011807429413247,1.3383954179255932
1.0234147378964797,0.8588280618092807
0.8937542862483733,1.3636061306764005
0.15337286060814714,0.1151379957676336
0.20880872631636244,0.18016066681516368
0.7658210319097986,1.6058325531346394
0.8422916546981959,1.5062817888690743
0.4773038974707079,0.8933796863151559
0.6704110590392236,1.5209847297917272
0.42688148766563494,0.7123163224749569
0.8133059819237094,1.5612827375144371
0.14196885559214234,0.10451691501359658
0.8294528142616112,1.5331137437413231
0.7938990230865599,1.586537867543978
0.9633747126916136,1.1055938791837652
0.7857549893401294,1.5942563404117427
0.32288256743204097,0.4001093695690082
0.7764277764872725,1.6009712238136404
0.732088730458545,1.6016964694969276
0.8834425327119659,1.396259469440756
0.152554566148279,0.11434717007388408
0.38050040835901705,0.5608010921293238
0.9660624588112955,1.0947360074315347
0.7849867526133293,1.5948953892214757
0.5556321846164294,1.1834902290768432
0.6664395211447183,1.5128438402190956
0.4666217643327658,0.8540324619609538
0.7188852439867889,1.5920987146942622
0.5338174894757102,1.1039648817673395
0.4945986838049192,0.9577240724001171
0.4342797838887035,0.7380051490984894
0.8339947684637,1.5240600150010957
0.9526711467207319,1.1483954119402748
0.5585655666929192,1.1939883179536352
0.947116908673964,1.1702840648968003
0.6679608911901161,1.5160007437507521
0.45436018466113004,0.809415604103193
1.1012101571869393,0.5590048346013883
0.29861594644611245,0.3424974969205811
0.48463974933429943,0.9205972566968581
0.9514801200437794,1.1531092793108781
0.918395369476569,1.2787890360317193
0.6892930150316533,1.5550886206399521
0.8817595537226595,1.4014122977970636
0.40618460818168056,0.6425378496430469
0.7075025344068844,1.580343034883878
1.4090454467638462,0.03074229826469053
0.7875844717253638,1.5926725598173521
1.1161185745470605,0.5079567539952419
0.5833485862336857,1.2800879018721252
0.7950805686546984,1.5852753233862587
0.8990550865797804,1.3461298559825874
0.44059499170378513,0.7602121211445492
0.9553155820105639,1.1378920864499809
1.0388366418995312,0.7960918113747188
0.5468118777986434,1.1516155791544735
1.0728953315009013,0.6624994990125365
1.0990522832198282,0.5666013910661404
0.37024882515676494,0.5298328242188722
0.8440174929922127,1.5023862029249229
0.8129942017518171,1.5617636544945364
0.5766257101643174,1.2572470461406768
0.97810847764449,1.0456494491357573
0.6722221212293628,1.524588427133142
0.8979364302250008,1.3498554202726665
1.097580511230352,0.5718117137268933
0.09048467226723755,0.06623094658848452
1.0608836656031495,0.7086490001908847
1.1379367273695733,0.43804172963964316
0.7513068422783791,1.607691788151248
0.8763956650496603,1.417489902752641
0.8935161704901515,1.364380480655638
0.9790778807295748,1.0416743070412648
0.8425989232127797,1.5055931374432974
0.7579457219732965,1.607527810249123
1.0279920127054947,0.8401060023248742
0.7476527202274038,1.6072898743569208
0.879393228208437,1.408570475261374
0.7493662397955363,1.6075217615519164
0.34348548410341007,0.45376757599207423
1.3480225142735205,0.06399661706807104
0.24835973207138007,0.2421677260291289
1.0613828723632315,0.7067078182759137
0.33452697943853366,0.42990385786774615
0.9123111380999718,1.3005422164486533
0.7100795963384092,1.5832817711746825
0.6381223382657056,1.4458887906838653
0.45587713214848924,0.814898547292769
0.7456470236692823,1.6069212120620284
1.4342934461550494,0.02216808214283525
0.9655633263093079,1.0967553546370221
1.2396160752654564,0.19355915271043947
0.656459656087096,1.4909820784141712
0.6244420471493295,1.408460911647655
0.5832783433620865,1.279851494800785
0.34934926157208435,0.46982668515599085
0.6522331630888393,1.4811378689440093
0.4309968397429275,0.7265609214010995
0.7614296089614381,1.606978990731284
0.43308606086335133,0.7338357414946942
0.5066635587628161,1.0028401268139941
0.8822989555946981,1.3997663475478237
1.17784390511511,0.3259725351400079
0.6881032092926695,1.5531715144600504
0.7330721346915298,1.6022345230674646
1.0817961938659755,0.6291132733477344
0.5294985066910092,1.0879859012716637
0.9549199857389424,1.139466514548485
0.8855984672489717,1.38958468075123
0.5710475617440796,1.237985023275918
0.9203803897828599,1.271587622204394
1.1179283962833626,0.5019358579291372
1.0808285753383906,0.6327069501998057
1.4765999351950596,0.012421217202880844
0.837910799996674,1.5158664176345371
0.4792756823878125,0.9006818590739285
0.8057670083543127,1.5722290201055464
0.698636799203748,1.5690175952585943
0.9385518888327915,1.2035271117764457
0.8063417269023219,1.5714449350261888
0.16300915718874087,0.12479611495066331
0.9530638809553407,1.1468387267779627
0.8684449666210989,1.440320269558214
0.5487976175670617,1.158829080614717
0.9365936901019809,1.2110315404557714
0.5538722004264206,1.1771657092468908
0.8852509515446935,1.3906661540220902
0.5666217664955462,1.2225185248562558
0.9403984831961851,1.196416454090354
0.9897324125249525,0.9978158743254432
0.9013726622662255,1.3383491212834615
1.1027704490191952,0.5535439433206245
0.7643596388059517,1.6062703874650115
0.5210469414055993,1.0565711697818612
0.6111857155311514,1.369445297114972
0.9446901124544651,1.1797691667440886
0.8245908354999053,1.5422620211446922
0.8176374434505681,1.554351950615308
0.5496597918369378,1.1619545965019988
0.5222128425630271,1.0609143880699707
0.3574183684075812,0.4924868879217425
0.7136008313754117,1.5870360975648283
1.0100387873145804,0.9138792866197445
0.3571925243164758,0.49184388791512584
1.068428236966658,0.6795224040622317
0.9426648956062014,1.1876456897978382
0.5543184914054535,1.1787712389200662
0.904839378695881,1.3265568941111443
0.8851400749605269,1.3910107554654296
0.6551020275315308,1.487857093665046
0.6176579714790063,1.3888126964318024
1.020091924076007,0.8724622621607199
0.6905815762270384,1.5571286718551034
1.1614476876967343,0.36948200458801483
1.1231184528905909,0.4848879413148522
0.27678863286715794,0.2958264711447943
1.1048142721229384,0.5464317414117034
0.7275516810761156,1.598894944286227
0.2705378845744671,0.2833464204968809
0.7703708214498862,1.604109638034058
0.9129785325358912,1.2981802773535833
0.10749365763796748,0.07727039202796634
0.7354307194559364,1.6034240905382784
0.32615093805103046,0.4083318080236889
0.33239049881672256,0.424333282435181
0.517653415999371,1.0439159010742127
0.6020501048082497,1.3411442206194606
0.5976831004160419,1.3272432867388602
0.8661302066119779,1.4467346504216294
1.0902632766882632,0.5980584311118757
0.5098782626538757,1.0148645881691671
0.8313446273551828,1.5294018156665277
1.050105709765747,0.7510030828302978
0.6972586100098386,1.5670901711113343
0.7242448684615646,1.5965243469144215
0.21939475752161375,0.19538530552720093
0.9297120409638701,1.2370931855999423
0.46306402662046764,0.841019879930932
0.9788099606887218,1.042773250565272
0.7956375962346527,1.5846676182469244
0.686571064097595,1.5506558104819586
0.6835854655946216,1.545602789016219
0.9040295899828495,1.3293276455028131
0.6073447650370621,1.35767930616464
0.892720759612239,1.366960358199826
0.24592380818718768,0.2379340356989262
0.39580002537399095,0.6088027352078426
0.460441646297165,0.8314619850950317
0.793076839936119,1.5873951385917073
0.4548139798139045,0.8110546570667072
0.6867625591560406,1.550973118700571
0.839636307170425,1.5121436365641194
1.0154186104479745,0.8916888103106145
0.49243304948576666,0.9496375869874654
0.10000578727042958,0.07223017385527009
0.7365642693334811,1.603945013652366
0.5880659131099016,1.2958502228770277
1.0709582663204724,0.6698600039646612
1.0227291474518436,0.8616384201986655
0.8473204395450221,1.494744557805388
1.4245935546163422,0.025176809005430397
0.60586058263805,1.3530805136995194
0.773603214742782,1.6025547530805753
0.8230028706391235,1.5451267378033815
0.8592138538764093,1.465253846910272
0.8724212763571454,1.4290548659975109
1.1967634169684496,0.2801902329079129
1.0991010146458413,0.5664292756249035
0.22192252248411903,0.19916511475798787
0.3010603494507289,0.34802655250536674
0.7441552054941425,1.606579110283831
0.6910655898602093,1.5578852060074424
0.5844133495728978,1.2836654245795498
1.0618296845207216,0.7049720035589856
0.8419964995731738,1.5069412792821508
0.7691493274716694,1.604625674523431
0.7986568033280369,1.5812347802746933
0.6438357551277981,1.4605907586230864
0.8810303155706375,1.4036291435700754
1.0018305687651383,0.9478067176174574
0.8029344604222328,1.5759710824506485
0.5579723944814217,1.191869917657236
0.7136586166264678,1.5870951790600758
0.6247299420296706,1.4092793532799461
0.6521837809963731,1.4810208471343798
0.8272559379831972,1.5373174808479688
0.946050313848786,1.1744589834750734
0.7814779228559252,1.5976181886172844
0.893229745279136,1.365310693268027
1.2780783832487992,0.1344530631374032
0.7231742319011432,1.595697779997135
1.0407797122257383,0.7882655980869419
0.9664927146968518,1.092994262026156
0.9764173408524028,1.0525764744765296
0.37516903555201425,0.5445730722472759
0.8290150434938921,1.5339605973979082
0.4809495588848932,0.9068889739870863
0.6369979863980424,1.4429290777730606
0.5238333094190073,1.0669464045731312
0.9663165176401526,1.0937076532244259
0.7669614341716966,1.6054518545997158
1.0176167035146584,0.8826388958151352
0.18610220597532617,0.15066773963571634
0.7139733999793162,1.5874155846022902
0.8442906932835976,1.5017633826406342
0.9255446154145025,1.252624577904078
0.6630192724302675,1.5055748632522594
0.45685358432026585,0.8184337320461132
0.5367774230299167,1.1148796117754898
0.6566663070753221,1.4914546354070422
0.8460928869038662,1.4976130043764937
0.682505260947817,1.5437258505894786
0.37919711945637613,0.5568097117408473
0.9542583307722253,1.1420973587388317
1.0211661150945557,0.8680510250680054
0.9474707713986449,1.1688968654984295
0.6290373421280102,1.421370390445705
0.48909482268483245,0.9371854016714415
0.7736276428924008,1.6025419565381436
0.5934647457482499,1.3136011274780304
1.1674194040381776,0.35322280803772604
0.6722339637449359,1.5246117655604
0.5042757056910772,0.993906953046596
1.017495872434397,0.88313608284642
0.4072611846975036,0.6460860906642857
0.8787078142830265,1.4106246830021036
1.201602274663622,0.26923635643122046
1.312121767290741,0.09490098240383726
0.6395548348790416,1.4496283003419705
1.1113420539848249,0.5240332507681031
0.708267912149022,1.58123260340286
0.938803805172722,1.2025589773054528
0.6427827041379153,1.4579240349298381
0.7152083982942291,1.5886491222680017
0.8049054406651925,1.573388782595502
0.8509156411616137,1.4861522918565926
0.8393377181956196,1.5127927304676798
0.7178300059333703,1.5911429511604318
0.7966583460202787,1.5835332561077897
0.968916780000244,1.0831636417485102
0.5699811367588873,1.2342725990678816
0.6475100814121668,1.4697399599777057
0.5562217008385139,1.185604401367258
0.47231252400267953,0.8749464584243595
0.8082916132040219,1.5687225271742775
0.8037686704031597,1.5748901838955758
0.6436746700000796,1.460184105983207
0.31376353610583757,0.3777489370433699
0.9021346014793328,1.3357729657446116
0.7536980421557684,1.6077658243821173
0.3070406074079862,0.3618121187375214
1.234259731930642,0.20313805588889602
0.8689022430809605,1.439040527283914
0.4694151689237556,0.8642838737015042
0.6641766742628696,1.5080611099004109
0.7438329023390493,1.60649760212094
0.6686823970251723,1.5174812817286514
0.9545614816844396,1.1408923685344625
0.6914584334834641,1.5584953092876803
0.6776383019591107,1.5349520730955069
0.9468080940907323,1.1714938205433494
0.6787301603351084,1.536965220640901
0.8554116903932714,1.4750115585037704
0.22548294215356546,0.20458517210613733
1.0681580882474275,0.6805573312800861
0.41601373181678836,0.6752733755856555
0.8524252311218751,1.4824603000757401
0.6078102148676983,1.3591155829607762
0.5227057518612899,1.0627497694021026
0.4793347068985607,0.900900610508267
1.0963108480649568,0.5763253156480126
0.5607582281967718,1.2017986522580533
0.6037617857915567,1.3465288012789067
0.46195374027925185,0.8369695826349585
1.1319440943331844,0.45665584979572027
0.764392992624638,1.6062610211975585
1.0637936188214425,0.6973608204577512
0.36292122524493314,0.5083086123820546
0.6913229911103447,1.5582853593202761
0.9014761541484408,1.3379997320878068
0.6449261331936097,1.4633311960682112
0.7304619257177314,1.6007521885997769
0.7098861529335606,1.5830667660459055
0.4201949773851127,0.6894235663899508
0.9250411484993939,1.2544873877983016
0.7395315108613737,1.605151977248395
0.8964442077306503,1.3547941670383106
1.0378693610181968,0.799995146621654
0.6948203538310841,1.563571794720206
1.1761584998391825,0.3302806017784559
0.5094412761954628,1.0132303140860335
0.8298515801548352,1.5323383802510522
0.7533447380696076,1.6077643110826454
0.8509775457364932,1.4860018656872498
0.9119165743897716,1.3019357191853673
0.78430779362658,1.5954473524772816
0.7371877253820145,1.6042174384085286
0.7971480784112969,1.5829794959665864
0.7001608079458445,1.5710970947321583
0.9766277344967345,1.051715236546321
0.9418583628165076,1.1907722756023607
0.7011504993739264,1.5724182260492037
0.7947271722963931,1.585656722803374
1.2002000046480823,0.2723793024802642
0.5537771226694089,1.1768235133804872
0.7825634294018223,1.5968102342900055
0.9562731535764739,1.134076560198364
0.9856023257687729,1.0148484556982262
0.8237413286795261,1.5438021365964127
0.8176354943189763,1.554355173729426
0.4522238771620549,0.8017132220655646
0.8258691452096415,1.5399116927296013
0.9164116764130348,1.2859351970237174
0.7044730044526626,1.5766836119205385
0.6729797817497298,1.526075629537455
0.5031027535436438,0.9895188886473304
0.4180678427670327,0.682208635596943
0.5593982766168323,1.1969582640278724
0.45805669252728576,0.8227956660396679
0.7538030940828231,1.607765643629159
0.7674958203989966,1.6052616870492717
1.0602215267031152,0.7112266916726778
0.8593072026759481,1.4650104596655973
0.7474062380850638,1.6072502176647405
0.5377303081936172,1.1183864728357904
0.6106610852515721,1.3678498931945273
0.7115377087505286,1.584873118867751
0.6643219003809406,1.5083711710871386
0.7565137456045439,1.6076609395466348
0.8747163191890908,1.422413280872105
0.6137506694175964,1.3771909372751523
0.38891242341929566,0.5869355179617312
0.6121757461968766,1.372445744559134
0.8846887163206879,1.3924113244654135
0.5937019293058762,1.31437359241778
0.7352540399765412,1.6033399238917123
0.9850872479196233,1.016970225407725
0.39264181200487186,0.598724387675363
0.6627583099594389,1.505010569715404
0.36832498842585015,0.5241317755027681
1.1795447116653732,0.32166328741433975
0.5837941236428233,1.2815862482683371
0.8823287248223419,1.399675355707003
0.8262748722967762,1.5391574928921725
0.9682261378478036,1.085967469634235
0.46036373188295593,0.8311784622649023
0.4214783991438213,0.6937928121359771
0.7780741004129792,1.599951616949875
0.8033801594981945,1.575395785845771
0.06686548167389128,0.053172668185118475
1.0177845909540006,0.8819481441764457
0.9250693287193856,1.254383200703464
1.121421188997608,0.4904271215035123
0.637821086280558,1.445097897085099
0.8377524990070769,1.5162045233814916
0.249386310015633,0.24396882496382344
1.0111942781988608,0.9091090007605646
0.4899967889730791,0.9405481957597764
0.661038027098403,1.5012567145203353
1.0571186973711768,0.7233497811934394
0.9229034156350319,1.2623634179297885
1.020128775761271,0.8723108739863823
0.6461315270740409,1.4663358719207957
0.596245747133696,1.3226180300797523
1.0039492958218723,0.9390446411276892
0.7516460157051741,1.6077113974052393
0.8250927917072594,1.5413438080584911
0.39793792363175406,0.6156738184229038
0.6662791416740859,1.5125082886187597
0.5392807064833052,1.1240847147877757
0.673874909039981,1.5278170609302593
0.8509690968709522,1.4860224010814151
0.764055904680575,1.6063543339565975
1.0582970035308075,0.7187376019199666
0.8508394316257797,1.4863373640215696
0.2551496060498901,0.2542675171381155
0.7097052990510283,1.582864931777129
1.0441460451487334,0.7747558232851689
0.69871800528252,1.5691297763456626
1.0003754023332492,0.9538252711419125
0.9023660430685645,1.3349886931277022
0.8075677585768193,1.5697443619636322
0.8592455587616807,1.4651712035255398
0.6553548928137702,1.4884418200655094
0.8504807715594018,1.4872066576714802
0.9096892459519054,1.3097615318070952
1.0437697748333719,0.7762626784452069
0.7476516953112007,1.6072897127367338
0.9595999344335278,1.1207729866906462
0.6951873446583555,1.5641101795775034
0.8617301853936679,1.4586297041797136
1.0391046528149932,0.7950111432943255
0.6886292621012852,1.5540230764333287
0.6279123814141196,1.4182407479776917
1.0094370911082073,0.9163640609060056
0.5061917392913982,1.001075047452082
0.2356644993009409,0.22071500457181353
0.3365560601099947,0.4352375081345684
0.48060597805250693,0.9056143086915761
0.7295066022065047,1.6001662487291233
0.4877208998145598,0.9320656908722786
0.8457331319263802,1.4984473013766886
1.218477430260243,0.23340211263584013
1.1359255699539657,0.44423802841754767
0.7366206656634889,1.6039700679759321
0.1941773845948902,0.1606767593359656
0.5810368987261417,1.272282391424626
0.7751087861293675,1.6017367692083522
0.4057565362905714,0.6411295907938546
0.6913860243073607,1.5583831195448508
0.7111447531097935,1.5844493536490936
0.463755976303312,0.8435467038324725
0.7197192796516679,1.592834546228924
0.7539538811758765,1.6077648788043526
0.8333764369185119,1.5253211133350517
1.3703872079004165,0.04937511241929033
0.8679483496976587,1.4417054217195906
0.8278296150903467,1.5362308566960474
0.32789684001122543,0.41276901445186637
0.7013542675367408,1.5726873621574642
0.3938067456765167,0.6024318099649713
1.3018437645611338,0.10569848686861019
0.7821400221506887,1.5971290478574733
0.736098980056079,1.6037351855992577
0.43260737841918634,0.7321664062571466
0.7852190130389,1.5947038099376365
0.767760998423027,1.6051645309750557
0.8679385428331741,1.4417327255374373
0.7987332465247252,1.581144824819865
0.7566995638853968,1.6076467033002808
0.5734361615477493,1.2462659153587663
0.027298152872715142,0.03628959921892486
0.5337358851628456,1.1036635281907992
0.32101064536064705,0.3954495037966912
0.748801750635309,1.6074538333255333
1.0607759594227115,0.7090680699770533
0.5662424074576066,1.221185666069725
0.7854414474994265,1.5945190161251688
0.8073109276333325,1.5701037434592955
1.0295428119091472,0.8337804847116305
0.8024111351028042,1.5766401213561712
0.7950959209268884,1.5852586815910656
0.8396542109412994,1.5121046512149776
0.28905278979195703,0.3214538282796237
0.5525870115441127,1.172535644323747
0.804291123218319,1.574204223659618
0.553494011409794,1.175804244541664
0.9306097632706559,1.2337219882291208
0.713228692432144,1.586653648881575
0.7566034823017462,1.6076541776109121
0.6846735668920423,1.5474673404601915
0.28609073648706357,0.31512490448603014
0.8025940577510712,1.576407059167397
0.47880003163303997,0.8989193862781935
0.9208711787381033,1.2697994535325137
0.7704518945903404,1.6040739986252062
0.6358198025361722,1.4398046450433828
0.5974919603062111,1.326629618006071
0.28885493349112185,0.3210282963306994
0.905147052700385,1.3255016063874476
0.4582617230347986,0.8235396833418911
0.7239178271395343,1.5962749162945131
0.45259415423277516,0.803046604262394
1.0376923121703148,0.80071012138827
0.7927851102376213,1.5876951172882412
0.6479434610876935,1.4708029610731592
0.8209762817336634,1.548693865613914
0.7079114155121016,1.5808200210548513
0.828983480255197,1.534021479297771
0.6452708631018598,1.464193172278523
0.9299080386368808,1.2363579158080713
0.49415966799420474,0.9560843263732965
0.7420281131044454,1.605991365383171
0.41535979452183996,0.6730721757926347
0.5808515168515951,1.2716542002519895
0.8470236942110165,1.4954410338759185
0.9962606164555495,0.9708425752581061
0.9513380385955204,1.1536708984127133
0.3584746271652063,0.4955008210425624
1.1630339208693496,0.36511716008921863
0.8173694818615067,1.5547941781303682
0.8253191300789436,1.5409277872444531
0.4542180935347955,0.808902595579649
0.4075583833080867,0.6470672590775316
0.745230834169217,1.6068315923221947
0.6458322870184559,1.4655924024278355
0.8218857422207606,1.5471054260476305
0.5379181774154128,1.1190774649446797
0.3529710973854491,0.4799177969018395
0.5568967896951745,1.1880227793546672
1.1663872776243132,0.35599924113023196
0.4503822565599533,0.7950919005674366
0.6321205940981397,1.4298438839878198
0.1995050694516442,0.1675668374217994
0.9227102355284897,1.2630724443996868
0.8550594581412401,1.4759000224992993
1.0223582800894229,0.8631592905671026
0.14561715249372886,0.1078220175099521
0.6910933158870024,1.5579283812547409
0.9353168862706959,1.2159041472351009
0.897104793448055,1.352612242246326
0.6202924204887467,1.396524116034158
0.4498116590208477,0.7930439608262394
0.6981526600301373,1.5683455804477662
0.6108852650677543,1.3685320835097328
0.7595302163302825,1.6073177452806044
0.8242320259085206,1.5429146534815184
0.6159367863716524,1.3837200591521688
1.2786905834535687,0.133642146055581
0.7763102889831816,1.6010412671800869
1.0070779335272986,0.9261107775890809
0.9447930328083138,1.1793679251568305
0.8783112588251203,1.4118092056423572
0.8855693388458674,1.3896754103478863
0.6163919751152751,1.385071008507591
0.6730934853810658,1.5262977734021412
0.7835871716094169,1.5960200174792576
0.5924480233713258,1.3102826836770496
1.1340101972480165,0.4501869141729627
0.5998594840588136,1.334200002430351
0.7386842115979169,1.604830485519098
0.571410453494158,1.2392461867262765
0.608220288948832,1.3603786147964365
0.8201648182879513,1.5500941112634643
0.7362052468352545,1.603783598416522
0.19815893536281268,0.16580410242663393
0.6520141643394048,1.4806185537699024
0.3450198431910195,0.45793631872373214
0.6773673403252897,1.5344484939381882
0.30384774137632287,0.3544062605633361
0.4148898054887188,0.6714921668418001
0.3718963116844305,0.534742963335894
0.2731003677099799,0.28841544546203085
0.9624666377317792,1.1092531538433872
0.8217605805655853,1.5473252257011438
0.7952794849372794,1.5850592282183145
0.4254174089793611,0.7072766509827126
1.0273731824804233,0.8426327345976047
0.7045758708651878,1.5768114746663147
0.6147129150103758,1.3800731212790531
0.3225198729921346,0.399203682774624
1.0802299120232848,0.6349348160452851
0.49538402414505467,0.9606578909427013
0.3420476087702732,0.4498825392513234
0.144319655220765,0.10663672807634833
0.48627360246069345,0.9266763142708394
0.7475068993648304,1.607266604461162
1.1485674098808172,0.40615068097382256
0.8501238348840432,1.4880689873849173
0.963794294770511,1.1039014945711154
1.2196674047596374,0.23101218768473966
0.8573128151138383,1.470170700119897
0.7357404982059113,1.6035697281834027
1.182813701309545,0.3134884649301639
1.217513108608897,0.23535193666268722
0.516783199227149,1.0406677666575268
0.7613410075461168,1.6069969014442258
0.9287681861322205,1.2406280162402095
0.309711904076369,0.3680887666412312
0.8637232545703506,1.453290415998736
0.44297571819911274,0.7686465571538014
0.8537833153287426,1.4790967382069926
0.7894029124249349,1.5910120009139237
0.7573408149199021,1.6075906146342074
0.3886739473506029,0.5861858571188647
0.7805260708704614,1.5983012858036305
0.9483167351421288,1.1655763863531245
1.089953165105096,0.5991831338085053
1.2015278849678326,0.26940244546764536
0.5871320801647291,1.2927481093354725
0.5670463800975111,1.224009076330621
0.7455286920344147,1.606896189713726
0.6189816214414791,1.3926999373643305
0.9265520486717541,1.248888221819855
0.6685426813108992,1.5171954211627434
0.7630472761266546,1.6066156899980797
0.7226098358396214,1.5952504614499194
0.9691191027382584,1.0823418269021132
0.9014354578446176,1.338137142671677
1.1334907081429002,0.45180836795954
0.5066848394243888,1.0029197369578495
0.349420068339334,0.4700227114301182
1.1199090156176055,0.49539167835737136
1.0275215768092594,0.8420266967574321
0.587217311964115,1.2930316202740102
0.8496925746866784,1.4891071610613809
0.5298293007566645,1.089211768505862
0.7367715860698143,1.6040367125911958
0.4830155389623557,0.9145597572851274
0.5570144622212646,1.1884440230103888
0.7826900171162695,1.5967140069438082
0.6189845174277052,1.39270841411692
0.8742609832350475,1.423738983270638
0.9320356800557957,1.2283492442665414
1.002192180980609,0.9463111481604444
1.094270024112609,0.5836164447268037
0.7766221802715054,1.6008545288512592
0.8009485074141316,1.578472968014231
0.6829715103293398,1.5445391546709406
0.5259277929234583,1.0747342956029127
0.927758616621005,1.2443979074103153
0.9468130480905693,1.171474419919785
0.32855601221636976,0.41445242813260474
0.5833076233956417,1.2799500446416263
1.0954676853194152,0.5793322641764985
0.7307123855748011,1.6009019624437721
0.6444464162831633,1.462128146378608
0.46872490413924844,0.8617480035635091
0.5984418284068818,1.3296749627938862
0.9055575595858057,1.324091430403359
0.6799854918074065,1.5392478508458276
0.7620566746784012,1.6068463299365174
0.5528101419584737,1.173340197014214
1.000991038245405,0.9512789791611038
0.44142262916435965,0.7631404872051973
0.6476959577155467,1.4701963009304606
0.9430133398898003,1.1862931034734687
0.6695887156839159,1.5193258274638164
0.8305589849911561,1.5309536154752255
0.7817029026252311,1.5974532663996905
0.6418938588748065,1.4556578775650855
0.5893198854225565,1.3000013385903402
0.669823770035121,1.5198014332653649
0.8836010278830763,1.395771580932127
0.780703999517566,1.5981753979450044
0.6143801528367924,1.3790778805869137
0.5059327514637214,1.0001061583125483
0.6998910770112333,1.5707330270999993
0.9526695610869665,1.1484016946282665
0.8862325652683651,1.38760588984738
1.0901850243279476,0.5983421412222162
0.8150951134740514,1.5584762839011133
0.6853244199227938,1.5485700567448912
0.8050990763193234,1.5731297672919256
1.2015395571885767,0.26937638027238486
0.697946105607389,1.5680572001249278
0.6061590428823941,1.3540076055057453
0.5376408884107766,1.1180575341145078
0.3586842458387627,0.49610025178241324
1.0351869624135075,0.8108441133832294
0.8086379103257604,1.5682290058967117
0.6466380178828268,1.4675905691624302
0.6551432238726669,1.4879524396988462
0.47593439976879065,0.8883144974880222
0.7040425430989792,1.576145807261319
0.41209350465895883,0.6621266152036146
1.0061065762894505,0.9301255715476907
0.13647532347083186,0.099700184872895
0.6557628148942828,1.4893825160207088
0.38755825842820124,0.5826853607430056
0.45548902287365267,0.8134946835882972
0.17006622610075822,0.13228401866681733
0.4256800063869909,0.7081794682670555
0.7589963749778259,1.6073958865357942
0.6468755239620796,1.4681773254591917
0.675919337274553,1.5317306493740004
1.1821535772184273,0.3151278436901215
0.963577900674719,1.104774444702596
0.6289848590300046,1.4212248303145716
0.52716036009818,1.0793123926217927
0.6147453038109238,1.3801699078852931
0.8245155198367783,1.5423992692659216
0.7369340419248561,1.6041077961587988
0.8216506316350402,1.547517995245446
0.39909406234004174,0.6194057865769553
0.6405442795409941,1.452190540312564
0.9484768633113886,1.1649472147224234
0.9386137220314718,1.2032895385218982
1.0879978393973775,0.6062972367983348
0.39730873717465537,0.6136475971843
0.7010638641264854,1.5723035011279347
0.7308774542533816,1.600999799059622
0.5244485484635525,1.069235086960531
0.9051491122698203,1.3254945375629736
0.43455462783096266,0.7389664171866341
0.8830612415642147,1.397431339832587
0.7010452816819583,1.5722788706040802
0.5332468177364296,1.1018569965275056
0.7611854487248849,1.6070278482542868
0.24304664511004562,0.23300571078093743
0.8489318548517075,1.4909285079319279
0.7962704667309777,1.5839674677502857
0.8638659850028313,1.452904937515888
1.1375578742271415,0.4392050283530731
0.7664457575044177,1.6056282402979274
0.9893567404992172,0.9993664311377444
0.6740583875249015,1.5281719170505612
0.8894039944546759,1.3776040834157715
0.7906281165418688,1.58984472265381
0.9492212375648978,1.1620197317055314
0.6267870295829525,1.4150899833318253
0.5618245637553658,1.2055851127760735
0.3020482960035393,0.3502786098273535
0.35693732231810504,0.4911179077165332
0.8185591909249809,1.5528172597541423
0.9478512367000327,1.16740423011393
0.4871231413541446,0.9298393027886555
1.0670329587992287,0.684874205517497
0.4013614832057577,0.6267576265393385
0.7353382681462727,1.6033801485065073
0.7225878680405553,1.5952328890865308
0.6502872514534759,1.4764920394988337
0.5672045743000986,1.2245640418090153
0.9326834441893765,1.2259013148529887
0.8708199848578428,1.4336286819130502
0.5644488257076825,1.2148693113425764
1.1299500158257616,0.4629500849162297
0.5037508975047158,0.9919436002116225
1.0117322581855512,0.9068887228351519
1.1324819801690964,0.4549665672305465
1.0343652449600427,0.8141744932008163
1.036063520311708,0.8072950016028906
1.0904638184440454,0.597331638169529
0.7137421039337003,1.5871803944682665
0.35620240079676774,0.4890308429885402
1.3118351685246368,0.0951894511567377
0.5652873484581692,1.2178252852469118
0.7615655945565931,1.6069510998453451
0.5463679941440092,1.1500003418438645
1.082924640426005,0.6249336458227551
0.8042886246462075,1.574207520688213
0.7490650519708589,1.6074865530531388
0.20268856304011423,0.1717949178864235
0.93176429659784,1.2293734841323136
0.7333811143642985,1.6023984707220622
0.5388541103968307,1.1225177909822879
1.1422074959614792,0.4250549064730898
0.8692996655409021,1.4379249405634933
1.0689760270566853,0.677425730521147
0.7421938556287122,1.6060413782000982
0.7946962835635167,1.5856899060352652
0.984593786905686,1.0190023790076832
0.747103619712942,1.6071993635101043
0.9307951863145202,1.2330245736407166
0.3326096024348644,0.4249024195229344
0.326475782624996,0.40915503195913727
0.7267457211932759,1.5983426211284586
0.5786917981035606,1.2643117116076712
0.6137075729435945,1.3770615480556412
0.861001614183907,1.4605611285910258
0.4333588867081879,0.7347878487405882
0.8832257560232161,1.3969260359816889
0.9089654176059614,1.3122897147498904
0.8177765594844949,1.5541216645824554
0.48940227193169294,0.9383315112414119
0.6679342157570717,1.5159458000167323
0.49129243923764543,0.9453810204859422
0.49216198939443234,0.9486258713377813
0.5055045740472894,0.9985043049914331
0.3932329829572728,0.6006043238779138
0.44606734353192684,0.7796484404585586
0.8752739663828208,1.4207843312517596
1.0712603303353205,0.6687100627427158
0.8193158038658369,1.5515419150075134
0.6172530324333625,1.3876184016229638
0.8590957393899126,1.4655615447220807
0.92475935661668,1.2555287053837152
0.9333623034535811,1.22333111060387
0.7733168894470646,1.6027035736091557
1.0316112370740518,0.825358814444342
0.9378686811952006,1.2061496419771638
0.5935000357661071,1.3137161010065876
1.0560165028418238,0.7276731776254881
0.5611107591745284,1.2030513307582709
0.6259613366997149,1.412765566316613
0.7942632667326153,1.5861524962940055
0.31942120916104344,0.39152113651343107
1.0845531273089468,0.6189237124575194
0.5959254732856389,1.3215841310422343
0.8643748132918686,1.4515273525924974
0.6540881206579645,1.4855002600124543
1.3192819282419785,0.08792135673892927
0.9000214883366293,1.3428955304971142
0.7546824638629793,1.6077527881424498
0.4809043703955286,0.9067213102385134
0.4251300407935804,0.7062892245314669
1.0103768132046111,0.9124835898839542
0.7050099307246639,1.5773482237805545
0.9871663160041411,1.0084023746879518
0.8929079278515535,1.3663542294848596
0.861342540531097,1.4596587045656277
0.9114933662847946,1.3034279984389932
0.906554773451885,1.3206554601482139
0.3663740067894957,0.5183864837041943
0.6733007931043533,1.5267020902925519
0.45723556804809257,0.8198179044427976
0.8065312882747064,1.5711844850834535
0.7822854157370024,1.597020099261258
0.5265372955835297,1.076998636210251
0.3008113521576299,0.3474605355299379
0.6119404313435894,1.3717338029733968
