0.5664279002152846,1.1612065407764665
0.7817065021720907,1.6346984007630656
0.5958284769857136,1.2692025335613975
0.9851665420792598,1.0891416764952624
0.8342557783174565,1.581753205445041
0.8722642966973975,1.4979389117438506
0.8891863835316287,1.44978149342707
0.8165048142898721,1.6081620753080446
0.9474476544724966,1.2441148551133052
0.5368311057525771,1.048555201601727
0.40129624436976374,0.5634608898262666
0.945625862755394,1.2512818548557667
0.895383731355794,1.4306539134950662
0.44165247382294115,0.6956948361524627
0.5346478160067804,1.0401824201019698
0.6593300295289134,1.4719394191472963
0.9664480059011124,1.1674038047152935
0.47314182218289413,0.8077565683873776
0.7621911025190318,1.6346912498348405
0.43518796641730617,0.6735793385055495
0.7521988194469815,1.63057957781947
0.48593224393982026,0.8550055623175599
0.7343507238031178,1.6164729698786435
0.44400080286014226,0.7038097184883599
0.8296203686863584,1.5894660030435208
0.9502862261565843,1.232875938798383
0.4278185812133341,0.6487820828354426
0.9082576182182023,1.3885751562702604
0.8702801722111937,1.5031740768167523
0.8192531879761806,1.604631269584498
0.7811220185044369,1.6348536293774734
0.41932085334743496,0.6207597051391339
0.9553807041808686,1.2124970037893146
0.5590165551854548,1.1332314907746777
0.6958921708537045,1.5582758311370872
0.8685329436175575,1.5077098609902932
0.8735977449378769,1.4943705965073308
0.8073723397319532,1.6184006034395704
0.6425559107832128,1.423906348394304
0.6603523263583853,1.474710187825568
0.9320483057709086,1.3034504372843512
0.6172443091588616,1.3433624334341938
0.6840597559145432,1.533359180180906
0.709272966522817,1.5826255211724634
0.8095813298628263,1.616135702049347
0.6775256270751797,1.5183130075476396
0.9970524218126853,1.0385837780954799
0.889876580731321,1.4476892671034804
0.6938991417912919,1.5542956468775828
0.6415719594552921,1.4209461844006501
0.960534771483596,1.1916278977292853
0.9647783398436143,1.1742722267029848
0.43846438878287397,0.684746737675849
0.8915878998144693,1.442460199995717
0.9608531394944386,1.190331040202143
0.8415134620147147,1.568542671000939
0.2955404455981301,0.2922656879783484
0.5092700823102982,0.9430311032993177
0.7900836345076364,1.6314154960288945
0.6361936795873028,1.4045057693629441
0.943604966161804,1.2591884491935623
0.8731447328500564,1.4955873418391952
0.7920285147882797,1.6303704326179416
0.6663771052947149,1.490650274534477
0.6390606778477137,1.4133237833001844
0.6794664982548746,1.522874812863669
0.5635331507746466,1.1503062123927725
0.3706000682419763,0.4730312614765058
0.8266838676370581,1.5940557731194487
0.4969916612911553,0.8964760827121732
0.19163867604676688,0.13173910655203433
0.8648884922389759,1.5169439085143037
0.8292849746299926,1.5900018980923116
0.7580239314677751,1.6333116087091932
0.6275887317392186,1.3773312684255026
0.9877531144650683,1.0781818267431091
0.7360861124180419,1.6182181807935696
0.4755726879952664,0.8166700201671271
0.7788454887531823,1.6353664811481836
0.6208202794389923,1.3552565880801175
0.3785461151067159,0.495544897166332
0.3332621769206726,0.37587762538693875
0.22645096531796471,0.1750590772347045
0.6278627387002617,1.3782123351028843
0.6596456021377477,1.4727967364498384
0.819858636441132,1.6038256968939617
0.9104621909546313,1.3810698008843532
0.55143240936936,1.1044063231737644
0.5584065088320855,1.1309195253853397
0.519248331028641,0.9811414225342457
0.9545640158410476,1.2157811841558597
0.9599357098972512,1.1940657705056859
0.8930986909670696,1.4377951969365628
0.48798759657008084,0.8626734472665573
0.3504528150676553,0.4188263227068536
0.7327045816091949,1.6147443422112684
0.4111906604173923,0.594545918204248
0.8650904990752776,1.5164401789620068
0.6361620653451789,1.4044078567843026
0.8142885310507569,1.610858384290473
0.7554085244361224,1.6322004415385383
0.7283073085222583,1.6097799873526906
0.9016398775413816,1.4105880104139776
0.5707812390268558,1.1775274740363246
0.5715183993359048,1.1802819105970936
0.4148479517115542,0.606264332702401
0.6732416876394509,1.5079733956180899
0.6997869606457046,1.5657934852564386
0.748584125989789,1.62841666847261
0.7844803016634727,1.633830450429828
0.9867394401122345,1.0824802552666288
0.6727765769202121,1.5068287152351227
0.7731641358579147,1.6360100872897372
0.3401614483604481,0.3927481312098741
0.7316618308196327,1.613612637716643
0.5932201643289334,1.259870178244367
0.9106351408563385,1.38047745767751
0.9020025240791933,1.409402303497357
0.9396012522365347,1.274711472283454
0.6785786316711747,1.5207975769905673
0.559758865893473,1.1360429620259045
0.21858738269091188,0.16442455467674383
0.891260786784383,1.4434642654103522
0.6856154179303908,1.5368091344382397
0.853606203699347,1.5435320795665595
0.9191962539066585,1.3505334096618322
0.8322925846716374,1.5850892929801728
0.8015769054163141,1.623696665327604
0.9493219117003592,1.2367036275516001
0.49900455166517527,0.9040754255696201
0.8494855471434751,1.5524682009440762
0.7383752824554843,1.6203985882628489
0.8467003978926326,1.5582674758525425
0.731145787584293,1.6130420748108936
0.4894697073568447,0.8682144544366599
0.9041608527739984,1.4022955128316594
0.42058282489685006,0.62488151236326
0.8362723155010445,1.5782207115265634
0.7228109277856821,1.602873466293004
0.5512949669698649,1.1038824508096803
0.8645903773201066,1.5176855475414226
0.6172602011514376,1.3434156318477344
0.6615783075660456,1.4780080539225446
0.3078070880099967,0.3178677288859175
0.6127841172059325,1.328316119440124
0.6441906252749423,1.4287909197287356
0.5868424245522998,1.236819168500545
0.9068993658492467,1.3931570734662737
0.8361772684477686,1.578389609296207
0.8063443782303141,1.6194083271775677
0.6998122842527311,1.5658412258948584
0.49177246144924847,0.8768422280164199
0.7639684344815681,1.6351330235230497
0.9033367559978428,1.4050190826885063
0.7285399848469036,1.6100552414524454
0.9247182938906202,1.330601326212855
0.9690856774779071,1.1565105059331096
0.5910329100567662,1.2520008292176386
0.6977233916628958,1.5618536127533857
0.9826844903776456,1.09963133229824
0.5551131020308105,1.1184169899420122
0.907039027644467,1.3926874383123078
0.8017742842904448,1.6235317261180902
0.8732984520020027,1.4951749835654635
0.6900377400456628,1.5463317098391003
0.4797597699030778,0.8320984987781366
0.19733391321222465,0.13817897884855138
0.6330438388358206,1.3946792941724755
0.5402813524127119,1.0617797120393584
0.9221318765375837,1.33999506181115
0.8606018360568612,1.5274061653822657
0.9380995587019463,1.280483587724509
0.9465326013758621,1.247719307513559
0.21399972116916088,0.15845541307235503
0.5425388684387732,1.0704258983588315
0.7583640629430342,1.6334422410416556
0.5412721917329376,1.0655753480125307
0.6627918024078915,1.4812452929913584
0.9942227357051456,1.0506606776415641
0.9044310608295496,1.4013998157635625
0.6786265385199677,1.5209100729712095
0.8068715194038438,1.618895238064055
0.8583027446154078,1.5328368705015198
0.6526792770464832,1.4534621766023694
0.9083343808725466,1.388315239409417
0.8111620726113967,1.6144318446149275
0.9956408687998747,1.0446107625496668
0.5433404051768207,1.0734941488754735
0.6863190383763718,1.5383525374625844
0.9340123416993484,1.2960488277843387
0.8251233231772923,1.5964007068322628
0.31733662350691894,0.33880780348507533
0.9185626654428041,1.3527902397848675
0.6587528774861181,1.470366845241796
0.7640225030749672,1.6351450848930373
0.739230648047892,1.6211776262808404
0.7725359977758066,1.636025545591068
0.9331013944684,1.2994882278202406
0.6713808689041039,1.5033681126653997
0.5997872432787752,1.2832533310327523
0.5479006966475471,1.0909309383848655
0.5237763615716866,0.9984865806157909
0.7511639227363659,1.6299967687447903
0.7651536678335136,1.6353787422729145
0.7904552787433305,1.6312240311479211
0.9324430298670139,1.3019670551902747
0.6517388024218291,1.4507876155342034
0.9579343884207208,1.2021871665839552
0.9037052934929538,1.4038026237292456
0.5611147941675871,1.1411733477390038
0.6994460311559665,1.5651493168871247
0.6275319870228684,1.3771486808633333
0.43246702578551904,0.6643713151978313
0.6553551381811753,1.4609891557102859
0.4809572420241241,0.8365277837102862
0.4645241632477253,0.7764351822541284
0.5068146352914745,0.9336858529481031
0.8997278485475684,1.416799167705564
0.36216478667757057,0.44983125517390216
0.8722923715940976,1.4978641956647623
0.8826902638256542,1.4689927401913427
0.7985112310955572,1.6261183877874597
0.5769097469793667,1.2003377499200714
0.6144335787483971,1.3339070987655584
0.9225228332035789,1.338581597363913
0.7392740981893261,1.6212166796266392
0.9088456153444304,1.386581587550285
0.7399496646555777,1.6218174135324923
0.9865642051328587,1.083222909250928
0.9534007322062221,1.2204479696582666
0.971101381248024,1.1481522274914095
0.9093951546215828,1.3847129729719874
0.7586471465743174,1.6335485245745585
0.67013399829118,1.5002442484478105
0.7791290828676681,1.6353105538537402
0.32053295904937673,0.34603896050736127
0.7860739016877897,1.6332336951522577
0.7747708769107643,1.6359201179591834
0.9530654898994909,1.2217904022464452
0.9476104146507831,1.2434727704069375
0.8959149000542007,1.428979288052206
0.803225643610544,1.6222854338397932
0.8063813047852748,1.619372636998113
0.5145129591245992,0.9630319915871951
0.674910278656376,1.5120445327369798
0.6894137513395651,1.5450138582537136
0.7501564498876504,1.6294012934147888
0.8721933269672781,1.4981277050646917
0.6784926919031208,1.5205956531097238
0.9948607204897966,1.0479396339114073
0.8232482290421377,1.5991313893508978
0.6364367457094866,1.4052580814776308
0.7876505356623634,1.6325728386825822
0.9374951890480757,1.2827986760954728
0.8044094596925921,1.621225292315825
0.7360517637391071,1.6181844080592345
0.6827406854699698,1.530393639903997
0.7857690777724344,1.6333533801675038
0.3195770491326467,0.34386541382914115
0.7410023733842498,1.6227292417667396
0.531459128341371,1.0279508799422417
0.9152431999790054,1.3645093122841863
0.4778226685999312,0.8249491220585963
0.7240487632269884,1.6044962403704552
0.7331697416902986,1.6152400120638093
0.6668657770184082,1.4919134610201688
0.3091139226264805,0.3206847103606953
0.5621965031113046,1.1452612302218073
0.6788473309527229,1.521427933292868
0.31448897675420234,0.3324534991554502
0.6031445663843793,1.2950563467733596
0.2697622899222112,0.24331311876976597
0.9982842261400091,1.0333204539075884
0.7809549541867512,1.6348962296360907
0.42749282551921575,0.6476964174784382
0.5707192603821936,1.1772957611001549
0.9788908784985091,1.1156061707766614
0.907186865349774,1.3921899348626428
0.8833578288199072,1.4670591750225164
0.6126738777152919,1.3279413640964937
0.7916492155856847,1.6305826079117138
0.4112023132622894,0.5945830620379503
0.4309201950066292,0.6591637797570933
0.8711645808690682,1.5008515772438067
0.9144185318775775,1.3673929918819465
0.4637819870258027,0.773758976444012
0.5602080113917424,1.137743126706006
0.5612060574015519,1.1415184128358877
0.7601745096450059,1.634083708016222
0.4165760587298054,0.611843443767271
0.42092642540227854,0.6260061944030629
0.5480025006705359,1.0913197584190835
0.5602729333031333,1.1379888171567922
0.8560675450579253,1.5379941556098022
0.6252723137071364,1.369843064431367
0.18796850789106295,0.12771662342723727
0.8348273984789614,1.580762721303537
0.8141770296501538,1.6109904652793798
0.8766448736270583,1.4860674278080677
0.8642949240243967,1.518418506138459
0.6344912600871417,1.399212510750677
0.8138879169476543,1.6113313433199308
0.7981135082880855,1.626413257084929
0.6070867957911287,1.3087752146963076
0.7419935550687535,1.6235606909320348
0.7753091051272437,1.635873757946612
0.7959420326507911,1.6279448572323743
0.7327687072773332,1.6148130104880045
0.2650878297599136,0.23512229729722775
0.126880618814942,0.07401335200143747
0.6145082115868538,1.3341593438142394
0.777338633914607,1.6356256638730513
0.47478163450598343,0.8137657870834273
0.5561103760151125,1.1222064884150647
0.7167348700916913,1.5943474167759901
0.7015467157224081,1.5690756898082998
0.8650692896159861,1.516493112353443
0.5800574071940023,1.2119686832173182
0.49967878472779553,0.9066240376093119
0.9382234897956627,1.2800082920339253
0.5425721246644001,1.070553219735755
0.4023395358367955,0.5666953718986869
0.9040175995972782,1.4027698382316345
0.6124980459820731,1.3273433499831258
0.3712297582355104,0.47479213277087545
0.6099907817611953,1.3187789866309323
0.6868610458617868,1.5395341814808179
0.0063125621281115984,0.021388396345868227
0.16888186722263415,0.10834643184382337
0.8700181564955889,1.5038587205080103
0.27728892349225587,0.25693872069541585
0.9731416005724416,1.1396642291666537
0.7377328741611591,1.6198007202038538
0.5686925293023829,1.1697080920489296
0.8208827133237797,1.602440372518069
0.7127153154959929,1.5882022687834083
0.9267523533635303,1.3231439825734594
0.6311457615236553,1.3886897416572983
0.94758831638058,1.2435599644636801
0.8885260876921938,1.4517740164830697
0.7796342477505609,1.6352053197609226
0.651854729243905,1.451118102524912
0.6705173668428995,1.5012079544240375
0.7202017748532734,1.5993258188539468
0.9459904445453575,1.2498505282146797
0.7110442564241778,1.5855309959085424
0.4434593339384777,0.7019348596555983
0.978419925080086,1.1175840877457723
0.3710423832027493,0.4742677358439943
0.6984004848640455,1.5631571283051486
0.38435275807230596,0.5123968843732876
0.5997008548603551,1.2829482257041673
0.7014638257494858,1.5689227006324764
0.4201643839072886,0.6235132609650759
0.8110222906131734,1.614585303005775
0.8996480839356213,1.417056794929236
0.3561497483999032,0.4337317387484375
0.6242632118260911,1.366559025018079
0.6548290888330044,1.459519174802979
0.4421490189100225,0.6974071519153058
0.863404740999507,1.5206144452906811
0.8052950489016006,1.6204066440181601
0.37707447535459143,0.49132736561423007
0.43757443724962275,0.6817049105173337
0.32710579383228106,0.361238210756887
0.23629628046754447,0.18910946084187247
0.7258008910248959,1.606726477669454
0.7407877965982237,1.6225457832818109
0.9472316632582577,1.2449664879276312
0.712643204786704,1.5880884014960421
0.7060113490423819,1.5770781292386185
0.8793293529587196,1.4785829571424607
0.6470651492178149,1.4372772859755278
0.334103271971618,0.3779080251779468
0.6304994402500347,1.3866387469667585
0.8187257914510342,1.6053248346320617
0.8503854639075941,1.550552719854816
0.9376048723671221,1.282378866983474
0.4023261236138089,0.5666537251615873
0.9302188616609072,1.3102977413954586
0.6923465778126358,1.55113335841488
0.7279479407255555,1.6093521113621758
0.849996691908814,1.5513827107990934
0.8478229459373593,1.5559536134304193
0.8976358142027574,1.4235163345221258
0.44548092741730455,0.7089461019494494
0.5123040080269525,0.9545979839487778
0.5957664593516274,1.2689813121522637
0.6882880094059769,1.5426147813280982
0.8764423127638101,1.4866257717924833
0.7069320506774857,1.5786698223878584
0.6197905447315658,1.35184745206571
0.743857236154391,1.6250526783109487
0.993133325187844,1.0553044103124698
0.8490793159487336,1.5533262216855686
0.8103581754770605,1.6153070043753601
0.9742343291728239,1.1351070128076328
0.6918787338547902,1.550169918774897
0.7066383324979784,1.5781642396393778
0.726678856774641,1.6078144644828007
0.7377905793834422,1.6198548722928114
0.7362670437352944,1.618395563893142
0.9314786199900071,1.305587596844977
0.9478728826299672,1.242436733295384
0.8870723493885759,1.4561294158091491
0.9708871222766244,1.1490420039534095
0.6858939190932036,1.5374213018402287
0.6970086770056131,1.5604663048484155
0.5252811146666593,1.0042551179935975
0.6453976021768812,1.4323703384580926
0.7923078893389983,1.6302115632256169
0.5564099142023589,1.1233440944134783
0.6937733577919567,1.5540414532721283
0.7508391898538567,1.6298078589549587
0.8154276215922589,1.6094894455857809
0.7729714388800938,1.6360160074065244
0.5215729548300709,0.9900433323129413
0.9246572171134527,1.3308243075075419
0.9703419041344761,1.1513047740956908
0.8810741175362975,1.4736345780857767
0.8551843675431787,1.539998363776789
0.6411112193810371,1.4195549326400765
0.8968854069690542,1.425905463840626
0.591881748046657,1.2550594000748847
0.9128836327504173,1.3727302433141035
0.9614151028416997,1.1880397898011192
0.3598360482927958,0.44355429084548936
0.868682744557453,1.5073237248805427
0.8680053357148028,1.5090657390330804
0.4689029514037492,0.792294455178277
0.48430279781894126,0.8489404639438914
0.9302466364950159,1.3101941296752817
0.7064528554832423,1.5778439157869246
0.5884044322939459,1.2424938078658252
0.6932155730204774,1.5529099736323917
0.6035828630361129,1.2965892479622834
0.9476510495892747,1.2433124215671236
0.822029872407966,1.60085465366461
0.8200068919016968,1.6036269130108876
0.9143588683785298,1.3676011875786642
0.8527071366207266,1.5455177691167516
0.5969779779343791,1.2732968222940262
0.504259965099322,0.9239800751836953
0.8986761543217588,1.420186343813735
0.7492325546355927,1.6288308850119908
0.8584385291107531,1.532519670724167
0.6782888205293277,1.5201160311435633
0.3222162012339212,0.34988908713233174
0.7297874962244542,1.6115071507929724
0.7436902632766189,1.624922813890752
0.544778677671224,1.0789973966924569
0.5571977629822349,1.1263348845869807
0.5815520459126442,1.21746966075368
0.6320084742163119,1.3914183719337345
0.9247618260948445,1.3304423635496527
0.8427429858243387,1.566169292091065
0.5737773007720323,1.1887046302353943
0.6813135815171981,1.527143949268715
0.5515559663668156,1.1048772300955367
0.7083824445530629,1.5811361965699
0.8600651685619674,1.5286851971731796
0.8723983070431034,1.497582108164343
0.6018523064441506,1.2905259542995344
0.9060436805590402,1.396026902771587
0.5882291699051801,1.241858005325888
0.9240650194947788,1.3329834512020946
0.9224854729135811,1.338716770126103
0.824157008590155,1.5978198108759019
0.8299347883157666,1.5889608948605054
0.9346504509315633,1.2936330103598228
0.4989892456750179,0.9040175867127997
0.7741578853828487,1.6359629999149135
0.8707364510596473,1.50197808934925
0.40344910997296324,0.5701466210206202
0.9084470031723237,1.3879337162323073
0.8140810189700032,1.6111039220144212
0.7281888916392009,1.609639364280742
0.46151291746207707,0.7655988438308909
0.3655042116172655,0.45892920190344244
0.8837365471987224,1.4659580489263875
0.5952276400446991,1.2670579084934896
0.9623718454613849,1.1841327919692293
0.8290810750091007,1.5903262220772338
0.32553430621568,0.35756386487203806
0.46906062152712125,0.792867693407483
0.4858263495832057,0.8546110265494676
0.8732102639325016,1.4954116167453302
0.9112049742265693,1.3785221967621004
0.6770570241862287,1.5172000540372053
0.3185247002903563,0.3414834086806555
0.5127147241587937,0.9561653979905825
0.5551231421855429,1.1184551560294436
0.9455790374624085,1.2514655801010814
0.810824842803692,1.614801147636417
0.3233279194395712,0.3524478932861627
0.8264618825712688,1.5943933350945012
0.952574292974701,1.2237553140637119
0.7223902687173734,1.6023131348903743
0.6911271117810012,1.5486119314262965
0.6602174020983818,1.4743455778861512
0.9600729652110297,1.1935074875270841
0.9570199761555971,1.2058858335295255
0.7123566531270697,1.5876346637443495
0.7904221199106829,1.6312412721240714
0.8424119219270345,1.5668121781717748
0.5142205688797704,0.9619150657232407
0.9675627190842682,1.162806423193919
0.9829394854101552,1.098554982645912
0.24809552744223723,0.2070602752632061
0.9212814775958378,1.343061535801629
0.8711992596857818,1.500760146652337
0.8918018262128284,1.4418024013261481
0.9586817871044822,1.1991583944981192
0.7257841331319068,1.6067055188126484
0.5194562637362063,0.9819374007293014
0.8545142284854477,1.5415063713432757
0.9107213195732107,1.3801821096317188
0.89976467534023,1.4166801825820416
0.7074683355634568,1.579587629954209
0.9867077399045954,1.082614611527422
0.8604527907076118,1.5277620749002185
0.6660098386833186,1.4896979372138328
0.7207810338196007,1.6001282672443946
0.9797846074615026,1.1118493786559442
0.9984313141446418,1.0326917454636892
0.6151925244242461,1.336469220694432
0.8480457065041891,1.5554906625035305
0.8344837362918942,1.5813592392363591
0.5664475996882541,1.1612805951995238
0.9768602634438004,1.124125550371273
0.945376305878295,1.252260739556086
0.9086093942888814,1.387383204927134
0.6205528147680054,1.354372347553291
0.5194749858129992,0.9820090727531233
0.646294675589726,1.4350156429012946
0.2936722807457859,0.2884988494786458
0.9476310863338084,1.243391200477506
0.7845718359352927,1.6337981116685865
0.6493989741680495,1.4440689662845017
0.8388836830906963,1.573487960975122
0.8431894714915056,1.5652978141518337
0.4350144482707513,0.6729903276134165
0.510431070547623,0.9474549119148001
0.9133831415327953,1.3709976210203616
0.39285415544521324,0.5376701798467911
0.7990837725365638,1.6256861161718628
0.18996038927255915,0.12988743418275722
0.48162421940726385,0.8389979910039226
0.9149594018029352,1.365502951618619
0.539484007108874,1.0587245190276402
0.9816117071450621,1.1041561818896626
0.7008868857480346,1.5678534231783279
0.8293753295031261,1.5898578239885948
0.5605011141937494,1.138852222434058
0.9538831474906521,1.218514254989543
0.6650494527540096,1.4871956004085412
0.4147856222357859,0.6060636065780849
0.7345378373474176,1.6166649568937377
0.5130919091639004,0.9576051538855874
0.7183627568460227,1.5967224135442073
0.9825365652103613,1.1002555913771055
0.7071655820851225,1.5790703362957992
0.7311329874652096,1.6130278341608604
0.17818095059421235,0.11746543793536786
0.7655012431453123,1.635443374283725
0.7435600024691295,1.6248209816207104
0.015188276195182926,0.023609871111257008
0.9823052348847254,1.101231617824738
0.48159248570712865,0.8388804120091173
0.7054536774760679,1.5761042390947273
0.8269740995550845,1.5936124337162756
0.5054545645021015,0.9285163561801238
0.9533444900724608,1.2206732614245195
0.6094059130541798,1.3167713773286591
0.7312096775135744,1.6131130911237936
0.7544696448231988,1.6317555912544373
0.14506018707155194,0.08756997897064919
0.6774157064671646,1.518052342735151
0.927204739334435,1.3214772399827113
0.8913980514831484,1.443043195501964
0.26682834655457266,0.2381480017691036
0.38835592923697787,0.5242093875515549
0.6991711525903679,1.5646279976872417
0.8588493238763356,1.5315573209185172
0.6601784164125308,1.4742401643736693
0.8864562235018777,1.4579622040071998
0.46151128565545685,0.7655929874497429
0.9312809665109745,1.3063280527333008
0.6458600639899585,1.4337356652882303
0.9531635888512983,1.2213976935894828
0.5185584174209741,0.9785008208441246
0.9945048298976686,1.0494576673732356
0.5922620574716757,1.2564278645095632
0.09440048390216321,0.05412839455387056
0.8036926175108741,1.6218719197506377
0.7109764364953701,1.585421148149185
0.6250298124379137,1.3690550681630211
0.9252729780255989,1.3285737406959242
0.7859565872319818,1.6332800671733876
0.8598498736279555,1.5291963657579777
0.9671725709810461,1.1644165592491695
0.9818294907002516,1.1032380561780473
0.35788027078736223,0.4383255422609562
0.6546603887856852,1.459046746792962
0.8550564130546299,1.5402871494396853
0.6254598464468889,1.370451918293962
0.8763255541952581,1.486947197280446
0.5251087789308299,1.0035943751729393
0.6561895547281402,1.4633109473962587
0.6208930813478942,1.3554971189005836
0.5147770128524378,0.9640408099948202
0.7215614043074127,1.601195949878916
0.7494068188873282,1.6289402542830749
0.9623314196617744,1.1842980316423146
0.5419814485784762,1.068291596687766
0.8781722594861934,1.4818282900542976
0.9433855640747351,1.260044018829463
0.8206640241842726,1.6027386041620841
0.707742598719494,1.5800543526831963
0.5438205606608528,1.0753317182853246
0.6557136402975206,1.4619881887842452
0.8517402885603149,1.5476308303082413
0.8592943625392212,1.5305101567551733
0.42387000092213495,0.6356834265028353
0.9907832885522188,1.065309311732792
0.9151506547967438,1.3648334781788782
0.8150088906044928,1.6099968191136051
0.9394277651594936,1.275379737436461
0.8991811274650503,1.4185625889254236
0.9836936282645344,1.095369910114996
0.5979374175506904,1.2767052323865753
0.9028586886096109,1.4065933824745431
0.8974489913791563,1.4241121447950584
0.903545419966262,1.404330633873017
0.6203369789262371,1.3536581498728886
0.8183083315047892,1.6058684348673455
0.5710764298119392,1.1786308038352267
0.9685427635648041,1.1587568452551218
0.9668246589291409,1.1658514287798738
0.7732575402959267,1.6360068424819345
0.7411104610102088,1.6228211880557653
0.8388070871292561,1.5736293117322058
0.8298123667633468,1.5891578758687523
0.5884276918999019,1.242578169683005
0.6802205143819074,1.5246261150299767
0.8000581212687021,1.624929345056256
0.8363384430833254,1.5781030637436337
0.4123701174741867,0.5983117659697428
0.4908167974296259,0.8732589127444756
0.5724820437705981,1.1838783600081804
0.8987544511702101,1.4199348941611316
0.6452105964188348,1.4318172700886633
0.8035202991261381,1.6220252201410121
0.5720183719973486,1.1821484838616603
0.5714382702396119,1.1799826396572217
0.9828449773643615,1.0989539429268522
0.742733024823333,1.6241638442470938
0.9795357708768541,1.112895792453928
0.5767342046479407,1.1996873302929043
0.4663820829306505,0.7831498295038468
0.8435500231586641,1.5645903367582796
0.7481022710895621,1.628101454690654
0.7970432701700045,1.6271846754965031
0.8551982944258476,1.5399669074193802
0.47890976330343177,0.8289589138580827
0.9800364359247642,1.1107900507997874
0.9424007849142587,1.2638772934600824
0.8809368924896922,1.4740261398553054
0.5384659222131516,1.054822611574182
0.8632993286455299,1.520873243043581
0.7904158738230986,1.6312445163181364
0.4425125805147307,0.6986620893138803
0.7468750473236558,1.6272701738261235
0.6121188439157809,1.3260524923687769
0.35872776064848566,0.4405864808676142
0.8206481727711727,1.6027601705037309
0.8640167820702787,1.519106643140019
0.601592758370777,1.2896141014144091
0.8908118755620211,1.44483869726124
0.8929788879072338,1.4381667769776678
0.9995056468510943,1.0280983011509643
0.24759389009004323,0.2062719088692234
0.7445496963691323,1.6255832313375553
0.8836967499121964,1.4660739020836495
0.740299565648384,1.6221237718587846
0.8324972362549266,1.584746284473909
0.7210784282733376,1.6005369658768511
0.8825203195366443,1.469483465806642
0.8981609833485957,1.4218379112580057
0.6509933644820989,1.4486570913757304
0.2562759975492557,0.2202383440603679
0.7955569670362549,1.6282026258165387
0.9973736528530002,1.0372115329769271
0.8467183789913244,1.5582306633158967
0.9529914893024332,1.2220865773263372
0.8997197408162567,1.4168253598691443
0.9401983156415584,1.2724087881571526
0.8270708695407193,1.5934641111600294
0.6899781404909072,1.546206205628767
0.6321695298439562,1.3919266139986841
0.38661236974102786,0.5190451080301635
0.9558717416113077,1.2105193076309193
0.946181381158574,1.2491003289791534
0.8984106124703397,1.4210382637985126
0.5500461003464087,1.099120199138318
0.6456286443656254,1.433052872695802
0.4913947832797555,0.8754256494905966
0.8960039240489835,1.4286980855011406
0.8093966894635712,1.6163302051550743
0.8739853000541331,1.4933260126767636
0.9852797816475196,1.0886624441090944
0.44152313061611903,0.6952491152558089
0.7856614153660426,1.6333950263731727
0.47736951022349006,0.8232794756432537
0.4465908469509681,0.7128086427582644
0.9674669813568042,1.1632016362555526
0.6338233068802615,1.3971242474679562
0.5681471883235842,1.1676630367947716
0.893835638426838,1.435503256790905
0.9668586466917629,1.1657112954720827
0.6180854810035094,1.3461741355853125
0.5610490917761923,1.140924908434545
0.8359500615755011,1.5787923941227635
0.9669497096977213,1.165335795143678
0.5618111983467236,1.1438056421212084
0.7775202387248994,1.6355978149590533
0.529204981206922,1.0193037715143258
0.879466581840736,1.4781961391083882
0.4980663791945795,0.9005317257497426
0.6127296336357789,1.328130921363594
0.8391510653807852,1.5729933362820205
0.8098456954096632,1.6158555690148226
0.8235765720383057,1.5986600934129769
0.5046826114718452,0.9255845317529435
0.49909796708723386,0.9044284447651328
0.9524187683290771,1.224376948568565
0.4961423760678407,0.8932741109539761
0.30385106962988706,0.30944558432708874
0.7527467242951367,1.6308762680173754
0.624167762954854,1.3662477137841609
0.7699388299972583,1.6359719540839595
0.8145728044417712,1.6105200937548305
0.6513792280131719,1.4497610895164101
0.824063949528789,1.5979551433260206
0.006260257170507155,0.021375870870803195
0.656862138468236,1.4651735605406597
0.9010058151393459,1.4126552868136042
0.8426051208067812,1.566437351449598
0.3022771178591386,0.30613865227052484
0.7692716259879949,1.6359276637648998
0.7496111435774475,1.6290674363704176
0.21272938715104084,0.15683268360413458
0.785292746888991,1.6335351601303607
0.8729861188828792,1.4960122743522177
0.7436608126072648,1.6248998305705253
0.49835304279701376,0.9016141962582312
0.8611421185999966,1.526111556652639
0.5770010023610892,1.2006757972329032
0.74175666722412,1.6233643708586059
0.7439823508832507,1.62514949538631
0.5176854594646892,0.9751606120638439
0.7874129082997949,1.6326769265086127
0.77162831038068,1.6360283199297945
0.7703053888284483,1.6359909796744256
0.7279865523975239,1.609398243592579
0.7834092078478875,1.6341913113672104
0.7887292599365558,1.6320803132252384
0.6985272053021961,1.563399919308409
0.42864556273343757,0.6515422444953343
0.6698571860010369,1.4995466259749968
0.6506699145061696,1.4477297400918445
0.7580117844381089,1.6333068843353205
0.9247423316555794,1.3305135531222838
0.7589418786394437,1.6336568263167988
0.6386152382370847,1.4119617778391778
0.3791932889738698,0.49740647865414656
0.8053912191761938,1.6203164264499326
0.5108006653526772,0.9488638675980385
0.38899259979854794,0.5261025927344111
0.7062514699862306,1.5774951904577703
0.9855462216839574,1.0875346453787
0.8450173367019277,1.5616768640831276
0.9287738693839169,1.3156733032851338
0.9552896628746248,1.2128634285086615
0.1951160214045663,0.13564220628240883
0.9918122852511341,1.0609307002111572
0.9128404977290889,1.3728796680068156
0.4885762004356664,0.8648728425325685
0.9240726283375102,1.3329557425833118
0.9842769645341137,1.0929044290958474
0.6300150140558335,1.3850977200852836
0.9625304901132896,1.1834842038804463
0.5581546100435956,1.1299645032701013
0.7964653403934426,1.6275878676279567
0.9800949180554879,1.1105439954922434
0.9525521742038681,1.2238437379575984
0.6722723021707359,1.5055828136832305
0.6007577919212194,1.2866763401074917
0.9206727402310323,1.345249771441349
0.9141388086620836,1.3683685772716598
0.2979888087096061,0.29725508789302446
0.5564131204689855,1.1233562698679298
0.9686334319450238,1.1583818468216158
0.28414846297395974,0.2698326627657166
0.47885603777644914,0.8287605993932873
0.5024217049203741,0.9170078226156317
0.935652455841576,1.2898287451892347
0.9006832851118551,1.4137039868734687
0.8215977700631237,1.601456148761515
0.45032316230647645,0.7258643046158835
0.85521003702356,1.5399403809678496
0.7155156188441851,1.592525496561646
0.4542630647942051,0.7397557175231864
0.41497842975695987,0.6066846381219424
0.8278347302310751,1.5922844946378765
0.549662003100386,1.0976548000608788
0.9057359076266047,1.3970559370023705
0.9341548530197139,1.2955097603468384
0.9773657633711701,1.1220069139768667
0.9856275368272283,1.0871903904629627
0.6399450477827064,1.4160190270003448
0.7285309521287795,1.6100445819216058
0.7179149055958753,1.5960756045428905
0.9925332394490638,1.0578608379097443
0.9231259577265795,1.3363965155050634
0.6867325895620795,1.5392547030329022
0.6983969395338462,1.5631503303069112
0.9971819175369468,1.0380306227957026
0.4185745726801937,0.6183288445130682
0.6282622324220003,1.379495099413305
0.8139797199759591,1.6112233526322488
0.9466018739348381,1.2474467615034122
0.4338176736791496,0.6689345206537775
0.6034945646486702,1.2962805836658313
0.5149621084692795,0.9647480453413941
0.9175661122125205,1.3563270715208078
0.9440056511295035,1.2576245189457538
0.314190093940815,0.33179136530327263
0.9730014047348082,1.1402483640486545
0.8390983932120674,1.573090920330619
0.8807818539404074,1.4744680450414887
0.31523214961230533,0.3341038469136573
0.9163733086860935,1.3605395157251463
0.6581884824715829,1.4688232718345653
0.8677600535431413,1.5096938927340198
0.6476224158139015,1.4389070871743375
0.9713848432970575,1.1469745856094182
0.6044932917191352,1.2997673571845172
0.3809898385416588,0.5025961394848004
0.4131401860786771,0.600777328422679
0.7029975078308555,1.571727451759037
0.674426386702877,1.5108696254321634
0.514856790977014,0.964345628036677
0.720099225735514,1.5991828781277173
0.9347812236745452,1.2931372561351537
0.8041926418619848,1.6214223862632438
0.49465423440249107,0.8876700123423363
0.7903881597941053,1.6312588976218725
0.8173827807325178,1.6070566453245023
0.00647794014526254,0.02142804203735566
0.48253222659258216,0.8423644397383626
0.6903105413403956,1.5469051764070059
0.9878514259908002,1.0777647259219314
0.8981864835643099,1.421756279669143
0.8379420891685201,1.575214986066791
0.7263871120931429,1.6074551249773679
0.3413503769683494,0.39570500910931433
0.866525080793648,1.5128354267683346
0.6267567416501764,1.3746498777523022
0.9282053177573428,1.3177803296634412
0.4269248037935543,0.6458054913033912
0.09855450392754495,0.056388358241153416
0.6380298640730627,1.4101673794825376
0.9266601805953218,1.3234832154822358
0.7665081782317194,1.6356115863094454
0.42202545451574114,0.6296105076303463
0.7865279810321617,1.6330505495510772
0.7712577973719538,1.6360228091956386
0.8074579557287745,1.618315346468819
0.8974242012579432,1.4241911546212398
0.7307727615889671,1.6126253188980566
0.6501694655344112,1.4462914735825596
0.6370325388910526,1.4070984466798107
0.26566350763019597,0.23611989562811025
0.9044671967118135,1.40127993091332
0.851475580699037,1.5482053067284063
0.5039565599072923,0.9228286056945617
0.8407075407334955,1.570077222394942
0.8580273855027497,1.533478755168109
0.8750466915302554,1.4904480590943328
0.9423741501703091,1.2639808115868674
0.6807592091302442,1.5258700840229518
0.34353908135469646,0.40118650464997696
0.831472305222817,1.5864529850804236
0.693372015461301,1.5532280228380069
0.9646454647824625,1.174817894035781
0.7678388419533142,1.6357904412275135
0.9945103869626348,1.0494339666623507
0.5303124043056584,1.0235518772051841
0.7864629495086687,1.633077135595151
0.899775104776174,1.4166464810807655
0.8718353134315561,1.4990783562912313
0.996984873251499,1.0388723037056706
0.7886917775593121,1.6320979769834882
0.6164532415170755,1.3407105743142538
0.7796285895939632,1.6352065382507468
0.4645667241649487,0.7765887580048589
0.7086855628700339,1.581645277211313
0.16898282684299465,0.10844228034652172
0.7011038658970854,1.5682564727618458
0.8567025442138763,1.5365413713049247
0.97673669013528,1.1246432433145495
0.9944164987808606,1.0498343853844079
0.14083514106205386,0.0842502869509592
0.6109140939548349,1.3219408369912762
0.49917627936002074,0.9047244118533537
0.6721061404416354,1.505171182183624
0.6180665455569188,1.3461109346254394
0.7969654382801941,1.6272395215092152
0.6973486246342082,1.561127618459043
0.7992382050493951,1.6255679443865387
0.7749318603531115,1.635907105360271
0.5555814603135708,1.1201970601744131
0.66118646949086,1.4769569902688062
0.6810995998711616,1.5266530107432295
0.9455146762285264,1.2517180696816435
0.933201441356259,1.2991110289124956
0.9836869432782523,1.0953981553178311
0.9561181217581538,1.2095261301516353
0.5231334323957378,0.9960224527714576
0.6735654292705298,1.5087676204768714
0.7859988349240868,1.6332634122226044
0.4608282639767638,0.7631432250403777
0.4980022278397297,0.9002895234270287
0.9366662528298488,1.2859664648468723
0.4718730314591118,0.8031174440763064
0.6587147245024709,1.4702626791773403
0.6900821027715089,1.5464250778363633
0.49230430009708986,0.8788380183882618
0.40279820297466273,0.5681206158207289
0.7168278059706124,1.5944847791445673
0.9776770489727945,1.1207015376576719
0.8820241795715152,1.4709125907255303
0.9326934821759735,1.3010247575398077
0.5534711297541948,1.112171356403255
0.4827772002434752,0.8432733801711304
0.7533594611104062,1.6311983212447454
0.9452647197973477,1.252698207785157
0.8288986365929181,1.590615468024219
0.7403599842469435,1.622176340961631
0.6158712773737135,1.3387550018855328
0.67100678511934,1.5024340843800206
0.5258493556665642,1.0064339205293704
0.7479396457534562,1.6279936467671796
0.8110545319224387,1.6145499551656544
0.6830202262446823,1.5310251751125743
0.7763483909355556,1.6357611889985995
0.6456120442152588,1.4330038617653245
0.5751364596138645,1.1937590829794797
0.7963664102310687,1.6276559455753001
0.6632472060429304,1.4824531802764809
0.1901422608414036,0.13008709237040064
0.7805564855505609,1.634994661549078
0.6552217581152834,1.4606168961594288
0.30347566055282316,0.30865456910355626
0.9190265366248352,1.3511385600761736
0.9655598933100448,1.1710598779063706
0.9900747648771018,1.068322162179117
0.3124188546854279,0.327886114971992
0.43174378750915576,0.6619340068105402
0.8068854678595543,1.61888155637812
0.5846242067623906,1.2287298836619212
0.5854609403942271,1.2317853909046135
0.5658437204494435,1.1590097010382545
0.7832308377639052,1.6342482644750176
0.9271748655214389,1.3215873962116478
0.7507888034291385,1.6297782891062225
0.4407608847581116,0.6926250355379092
0.9039938022044278,1.4028485977086103
0.7890028006088519,1.6319502069618625
0.9259173518023502,1.3262126205539353
0.44139824839583724,0.6948188904070536
0.8190669209220063,1.6048770922998903
0.7242117956528864,1.6047070667872156
0.9122545830407891,1.3749062515257962
0.8456517525374334,1.5604001759531974
0.6887985529869018,1.5437062301983153
0.8885782150806288,1.4516170388760585
0.49364998111303704,0.8838929562037393
0.741118060253834,1.6228276407045117
0.38767411903395543,0.5221863645647044
0.5236897812447334,0.9981547265001599
0.5469379549187072,1.0872529136179956
0.8175725666699739,1.6068149122775968
0.7497654855263336,1.6291627526340293
0.9817776445600186,1.1034566488996789
0.6537396335405549,1.456459601984991
0.44829889873824486,0.7187706712242342
0.4495557380411731,0.723171489975995
0.9718453364908097,1.1450603167255284
