18.975028496617632,0.043372665922563176
9.368436270853001,0.06960425139908234
16.784360540882247,0.04104321392897296
17.196129354205713,0.0346530439065819
12.847146201849135,0.03696040090109129
13.999836578525969,0.04757475288404391
19.09267932241197,0.044498965457335955
21.160237798935693,0.036613128444818524
8.084119126149657,0.08811372313204928
23.10336169896188,0.015919227596575363
9.988704362504564,0.07629470157401112
22.34952230774736,0.016746812611761093
33.7320561893287,0.024515297489605653
8.038586739082852,0.08995108921223335
12.858535970890147,0.03705148125203247
8.85307417799118,0.07715948062632885
24.339945384988372,0.013420353920439061
19.99059150034633,0.03219610501975981
7.82887599163741,0.08848156622919881
14.131782249177338,0.044638738512283824
14.101577007425362,0.045234577780490386
19.720548547205155,0.03653071183301789
11.67261365797766,0.046313517433457206
18.463394003744998,0.04043332117885279
16.446631058504938,0.04535245395940389
8.57589254686822,0.0631417267190006
10.817366747433008,0.06765329295951443
18.793391937864317,0.03668087647505119
19.824415325118416,0.03505172893159795
19.533069988897065,0.03942792717550145
8.050702479272232,0.08952217266116241
16.81019863679518,0.0406569396990979
6.9337356069986855,0.05312721339043862
10.391765277756436,0.07867169365641011
5.357475641408025,0.05081415089313228
11.619175230583274,0.048610128366625587
16.635760312039203,0.04329698073795358
35.0152641979559,0.013120123561029505
7.728722813141064,0.08172095898543191
15.591103664228834,0.04451805256343896
18.911524248625287,0.04120959009504201
10.235107320532064,0.07661726154984416
3.284751629752005,0.01397031654456319
9.559282933296586,0.06867571022675366
3.9284945129351754,0.028298753972811085
8.64037785971654,0.06507412249937186
13.597120610302515,0.05284473309355238
11.431004327976689,0.050915339526713295
8.542626737878583,0.06286035338934395
12.470947982907381,0.037099583831908776
11.775778582908684,0.040865518687982785
10.267519898510253,0.07678615052072006
34.78033569641131,0.012926278043518168
8.308450024857205,0.07338020192768104
18.95796344650977,0.042873390549178346
8.880848238612492,0.07841985907070817
14.167097288039889,0.044107680795167616
20.31409568717398,0.022589677511919322
11.332416905109692,0.048524117213748365
10.838184974650066,0.06575720804207971
5.1255728463124735,0.03219237682946695
24.672185273989342,0.018051932219791473
6.800127169357324,0.045778337850424546
29.50463533614992,0.004818936332613168
8.829498944415313,0.0759378400783499
7.964686156380844,0.09146905449604098
8.776075491764976,0.0727995611412998
13.341253037085105,0.05558382769766565
19.498481278504503,0.03970550534234204
13.53007289087987,0.05473303669506713
12.729844165200815,0.03673201410686445
5.574063998529864,0.05141456375690639
8.465897965904656,0.0641866399959348
6.8245044305307445,0.046936934571536366
19.169116279392114,0.04333760908018313
9.849490229416975,0.07441763419708261
13.429774680591803,0.05644094341946505
14.163071455427966,0.04415777600248714
7.584576670386103,0.06917904578694706
6.430387022562943,0.03697063749170828
28.91993593739779,0.003500808256376526
8.889960861293789,0.07878605513782314
6.145809090317308,0.03278599907946188
6.393867107836409,0.03650754967396247
18.570849701999812,0.036990878086904266
14.163927311789799,0.044146890029456265
10.449420730372886,0.07988710450095501
26.25134468666399,0.018152732103314154
6.00611225540664,0.033107373358189966
3.55140131887791,0.015475785847602376
16.32836022985088,0.04480551145954626
10.478635589013583,0.0804160122914322
10.546445328430739,0.08100786957706155
9.316887304181146,0.07128547616794458
19.019765877446147,0.04429753497059606
8.197292091127064,0.08143610258841365
13.474033196975045,0.055965447886614145
6.62938347284568,0.04017417513040356
20.711869327483754,0.024817965790310415
8.495937188891553,0.0633472651395949
26.302821366641645,0.01789156308262667
32.92041734388847,0.014308733552277363
33.51274647515338,0.016714361050817597
21.276342159699457,0.034092324309277514
35.27268397084818,0.012348886103770941
17.564502824595127,0.03591994799189765
32.43564419871668,0.010525232443949428
7.442361392680965,0.06074122849483759
19.20949934162217,0.042481562007754506
10.481050077818825,0.08045433794345067
9.770327081889855,0.07291090431350922
31.182758625758197,0.00591369683161405
16.810894997420622,0.040646471907364444
24.163094546828997,0.014238456046463968
8.1043834083338,0.08711366974859998
7.906155641632294,0.09114315888537311
15.350408792707578,0.04370384987205102
8.999702889585455,0.08110114439938362
5.563083147659066,0.05190007402682939
8.062606767820586,0.08905706142794904
8.650267902127263,0.06551082019902227
24.70773545029388,0.018722195100944913
14.990763941886266,0.026029237701958637
17.997548678819705,0.041864179770745816
5.469923206105186,0.0541245798874267
8.679252351766749,0.0669597841690071
11.971084925678168,0.031920927228400085
14.336646205769856,0.044157131659019015
13.324062131857607,0.055124631531507144
10.415427212223554,0.0791780487853352
17.323362921111798,0.03422346754375746
24.699428285071836,0.018571587337618607
24.221430638623815,0.013946691695143705
8.310418817818618,0.07323683721631809
20.014118891530785,0.031534839590963364
7.9670841528756835,0.09145211572091094
9.307935198498754,0.07162653340946754
5.10209308483237,0.030725806392161385
15.328113443079653,0.04259570618829174
14.52249313010038,0.042217971966916644
14.581904035642108,0.03978330860810525
7.565739443901599,0.06766919175270907
23.406745243179,0.020630961835103722
21.405402472482756,0.03140845243882148
21.717589978048633,0.03364854413905373
25.57612585758506,0.007272075053126004
25.867254601634723,0.007778896876965718
31.011972663293715,0.006177347609755468
6.026426044126514,0.03284528322906435
15.104924235941288,0.02948950628589269
5.728308837937327,0.042916784284267616
17.673713159867273,0.037293427642351246
13.85124069242672,0.04941703347032625
15.3706128489743,0.04457806803736886
27.712504863101064,0.005203641835393111
17.921840139338805,0.04065185974552129
13.84606618413855,0.04943947037048136
6.665909587352942,0.0410674115228694
13.113496646020955,0.04495423411059796
17.87647004317362,0.03998979841165415
9.084265083011463,0.08023515966439113
7.8587384029229455,0.08980698927890587
11.930270380645988,0.03327533337645755
5.359596844179206,0.050938425650400916
26.223178655357213,0.018037859645751556
7.5411236677821964,0.06583872596315093
11.909009027458037,0.03412114513575847
3.7755749857260335,0.021199455498601253
9.439614575982,0.06827611487805374
7.09496390083927,0.0610181803938301
8.089341452491624,0.08786589621093134
13.484976712034404,0.055771219224666886
13.358219182397269,0.05594588248803257
26.29661456350768,0.017952848798818748
8.910108980502178,0.0795061380856279
11.718034793885055,0.04401669812091451
6.789253495156413,0.045293959804413926
5.873083535918049,0.03643720149083259
3.6968072964422896,0.018390417993816643
16.274576081688924,0.043979230560665966
33.00487062800696,0.013523077008306105
6.95286903672301,0.05428605213850629
25.88611198696835,0.008239955092031188
8.477999248934568,0.06380132323288144
5.825082663504335,0.038259419297220355
19.017970224782378,0.04427204780331476
8.773973497491278,0.07266938714147292
12.459240318497288,0.0370151267873595
21.74338724906661,0.033908106857955554
5.833181856233064,0.037929129599427666
9.523718601641274,0.06826681286883055
7.672115110407989,0.07684979198140855
16.19148495552859,0.04223370274306894
18.930069930025837,0.04191776770801532
4.821718737209835,0.025919993109252346
12.19334073177459,0.031522974491697164
15.298976709923997,0.04096341847391801
13.922281579756014,0.04887673081370837
20.08594550071986,0.02909030642810967
11.60329664185981,0.04917994739541619
16.331375982280935,0.04484200940852315
10.642989981174491,0.07931389036226187
11.016716790095082,0.05042722339069886
6.460524527874299,0.03734837484013078
33.08712428549731,0.012347791553301901
7.567321544867976,0.06779268293490714
20.80032668210543,0.027096183406970377
11.512634999562675,0.05117118829813041
22.772587041957195,0.022472670388476144
19.86094180011881,0.03458815360045171
10.582793042764976,0.08077671515098157
7.86272061874675,0.08995601881628161
5.338764127678161,0.04963015792082199
14.283869359504767,0.043834366287112556
9.245069179701844,0.07427221849235603
10.71122920625827,0.07593017881188091
33.33864031088156,0.01131991002599237
5.254994650183907,0.04290102002445449
16.93120145726529,0.0387156577226498
34.681021881773056,0.012423893437118945
10.862452596495025,0.06350031434986382
5.626002949655633,0.04873956518790669
19.457860377427597,0.039910061488095346
8.864225187269298,0.07769051941535778
20.72704455038855,0.02510261207052301
8.649796530312544,0.06548928140585282
10.254075348082152,0.07670032012233112
14.251239050553087,0.04370994547042072
7.136743176503796,0.061802906148511
21.61230447021371,0.0322488095686355
12.3304725114279,0.034913593173983994
5.365582537202147,0.05127760914299539
21.300608863087195,0.03346466084954306
4.208807510502039,0.027730032673275215
19.87642649980647,0.034381551909999884
12.998264814135338,0.03987742348614947
10.683514275937373,0.07752022872356185
3.532843712208483,0.01525468473051463
25.05129549546025,0.018588351732076253
9.074973045420744,0.08043220459308087
9.760430232732627,0.07270822824970301
7.3487429613390765,0.059696043465398196
18.61313571639838,0.03593491721856333
22.073421906157755,0.02770617110002129
13.681359679829159,0.05081209794993782
14.0107512836488,0.04733694084088076
15.886774207523876,0.037912752363587064
12.521348900989814,0.037283841372644205
9.840043105287663,0.07425012171881516
19.490504250087994,0.039754742513642076
4.373623418383951,0.020071197373103273
9.663592972833706,0.0706371159007423
13.439739861660703,0.05638139895280398
18.409304751400843,0.04207991774500754
6.754520849179717,0.043878766093997275
5.132242106175578,0.03264648595172687
7.897674840863346,0.09097501027870344
22.095241377945452,0.026571329995686933
15.374679305635308,0.04473750324585425
14.321657242641411,0.04406503653747605
32.61967879242752,0.013865612909378013
5.438593255478999,0.05390440932255541
14.314435819763213,0.04401885198455108
8.716441792542984,0.06909768992673208
19.594825230331274,0.03865948521398245
10.601156909701842,0.08047990295480563
24.595332478511075,0.01646518244034641
9.191365023853882,0.07661440783102962
21.5886090831685,0.03192805848636826
19.868070364598807,0.034494315920313504
6.579091021855274,0.03913844976230801
8.7516553428853,0.07127594110557893
23.81238696687702,0.012463242789752658
10.19610777029998,0.07656227783404748
11.172593329944705,0.045192731471544886
7.2958355327366045,0.06032921091413769
6.91106240366916,0.0517547051357191
13.184836547621913,0.04884249432639892
9.957740088353626,0.07599555601238792
34.22750161251254,0.018461269769638515
4.539131030640378,0.01868303351314622
34.554486190409854,0.012719383910856563
24.997949016037087,0.01959156022651965
28.526335700421214,0.006670903145367857
13.650112508343549,0.05146387116360385
9.102193727021803,0.07979207344307446
14.40185659549875,0.04431705459073903
15.366839502139165,0.04442502313255791
8.846286092217253,0.07682088665525223
8.69866226232917,0.06804502410020309
31.036256489877537,0.006276264740446637
6.381839266129787,0.0363488961269131
18.59018478515428,0.036469700472470425
13.12767290939749,0.04570838791994557
8.030565917754066,0.09020926953822116
15.20923431520195,0.03531505011792323
12.0854185766677,0.030286986998733886
17.38357741517048,0.034393198613412855
13.832382753437185,0.04949364294675966
23.964103171720478,0.01357588800306629
4.34121695170767,0.021330423522863306
9.715325225472853,0.07175572763109518
24.847181523295045,0.02040348802749184
21.300842925021083,0.03345872135448713
9.197345078376419,0.07636084824101042
22.481591648230733,0.018152371955648432
9.661264098826209,0.0705871763733964
15.25800766414786,0.03843530067038783
10.198364796051854,0.07656205068121553
13.079879104735793,0.04325231050382187
10.265980241595063,0.07677512550155768
14.707622905233748,0.03301541209518943
15.105283117363655,0.02950585280572634
12.310187443730133,0.03441840902958113
26.442215449549465,0.01522135910089034
14.422602172238788,0.04421987593348669
14.015181584599855,0.0472377524318002
9.991672785342036,0.0763190534009449
19.791801025011168,0.03547237041384422
16.177237416318288,0.041907573291248744
34.41513690176449,0.014686108081957456
13.88431769836168,0.049230037916732146
6.647985277377745,0.04061278739630219
7.168522346554164,0.06197281272870688
11.321934832951891,0.04820441632924
8.428297676254394,0.06575651581364562
18.991335346309047,0.0437778081408352
19.390298180262217,0.040137573427752295
7.692543057274169,0.07865446735189778
10.547694561978554,0.08100723154112283
8.233939723930003,0.07884918159790774
33.96433637566572,0.023716462239380336
10.816731792927206,0.06771027370378287
19.256643160670215,0.04153531021265827
33.58304906075898,0.019695731810067413
12.63810693191449,0.03702529795518522
20.996819906541152,0.03498732744894863
19.39181388852183,0.040131587013068556
22.8567151135152,0.0206494988354428
12.180939515171659,0.0312745480134605
17.54512397232599,0.03569940938324986
7.2998852105195144,0.060263429231197395
19.625223046019716,0.03817515746191247
20.241574627629916,0.02377293836018001
8.712590047029064,0.06886583338785493
19.620859135050974,0.03824772843208526
15.11621552823398,0.03001852601079671
18.015363711883886,0.04216437951159447
27.177871791710192,0.004944110162603202
5.473987164154524,0.05411368490232856
9.863735006554716,0.07466280153629508
35.36337051806412,0.012378434179552793
24.531657925107407,0.015194431450679531
7.910076436768391,0.09121042399202253
16.318902562579396,0.04468384598405242
8.499574911565203,0.0632727937686418
18.34143575954445,0.04367269178365095
24.63893968409463,0.0173778342798167
35.39337838430625,0.012384776956490295
30.480634362296527,0.006803904001902782
3.991141771221665,0.030525773273870172
9.02949311596268,0.08104404372393359
18.561503817480368,0.03726161562254708
12.213886332918156,0.03197662699400044
25.313454114625486,0.01212622740443289
17.627055527128135,0.036687904450774037
8.08611423675212,0.08801988057592497
21.653412978437775,0.03282734411164008
14.843485237034036,0.02710606760901409
22.229945474032757,0.019734762552389738
21.277081542050052,0.034072990214002126
26.187868445333063,0.017624645930433003
15.128007915386457,0.030602429190977058
6.935548875891939,0.053237337080578165
17.19574613655777,0.03465619778753506
33.15906956141529,0.011316923580785064
20.875638562033433,0.03006945226226785
28.203217159921387,0.00833075581221419
2.9939994310953595,0.007665869473488958
14.212923265265632,0.04374148055812317
21.411331617521654,0.031342151054396784
8.540224283603516,0.06286025765444792
6.538903211462615,0.038446970564398046
9.137675822804708,0.0786961612174569
19.49032262516695,0.03975580505869607
11.440465994645292,0.05104170296429475
6.527561234802365,0.03827043650201921
14.414843444837583,0.04426711931049821
11.47409651449946,0.0512919885277408
9.76105761774683,0.07272115487171465
11.866530360622933,0.036052860479591484
17.960745144767767,0.04125893348418011
21.41438528036033,0.03131045803909131
7.799452869499979,0.08683492084505644
8.071527688871035,0.08868143889039638
9.214041552265092,0.07563923708416509
9.880835746657947,0.07494436680851088
22.020413967017593,0.030197029390844548
24.757866930677352,0.019531203076235314
7.315679843806567,0.06002804510389083
9.70807183055964,0.07159932956593901
15.351910891435057,0.043773339529325155
26.83623183168282,0.008530326423266702
8.19736334217717,0.08143121244391621
10.944445064484778,0.05599994036223612
6.688367127621218,0.04168553920386425
14.325500921905329,0.04408932852799401
15.031278003878375,0.026842583590500044
19.380916337218988,0.04017743901126308
18.892514416142944,0.0404459039283738
10.37776834754154,0.07838066544715465
7.807241265207289,0.0873019749351259
12.15291544165072,0.030799968524496863
17.6988919596111,0.03762431697941031
16.29641322269074,0.044352577551004364
10.216562551912695,0.07657416854852463
7.792111789624865,0.08637512493242346
19.03550154052796,0.044477661268585704
18.82103443483469,0.03760367087113376
20.740679188382394,0.025394908691155692
8.181438166023423,0.08250776528284368
5.633404408938579,0.04832390074014824
14.157919690420307,0.0442259682129313
20.934612924265664,0.032629281169990615
8.271712147432815,0.07608319273113708
11.77940385030566,0.0406650711498402
17.904978812393864,0.040400324921831106
19.880114869078387,0.03433064942213086
19.5405246785698,0.03935352582544787
6.413130004361522,0.036754279989005254
12.91375200670381,0.03775417941807016
25.711364260129827,0.006065577696327342
4.032720054171435,0.031337980041013985
33.77688243485925,0.025130578078955742
20.412290551062277,0.02252982124072367
22.706085407318835,0.022810610643108884
17.183566488598874,0.03476249257060823
13.536711094130037,0.05455608779083255
6.3154501374826895,0.03537790446778772
7.910693438855959,0.09122040683785256
7.608506940452911,0.07120147487068101
33.8941403685003,0.02481233663818111
19.965832551342057,0.03280603831886019
13.262056157876733,0.052783543373781806
8.581982739130424,0.06324883335869985
17.207571508588163,0.03456424545733685
18.72904348840681,0.03529058325672346
7.145250259758424,0.06188317130461696
4.4294564935083445,0.018585853448006937
7.98639362788329,0.09123294376618696
13.370773919443634,0.056153709826789175
10.619143982443662,0.08006352900457965
24.58438465397129,0.016237333645185523
9.931972248155473,0.07568792954278517
33.719648473056125,0.024266313340050926
12.097429441093517,0.03030426190684306
18.489370185171673,0.039579409636004696
12.824934935554287,0.03682668370012451
14.694805311378378,0.03371902062661609
8.16309610946252,0.08370228823450909
23.93473738826297,0.013296451395381865
7.721680561488545,0.08114165515196098
17.94752916073397,0.04104856003512202
18.23011485617796,0.04468711980864618
19.144301697468414,0.04381534610935699
8.758332045683243,0.0716940383155433
11.49492925967596,0.0512820625911456
14.807499500467324,0.0282938676795959
12.388629758235455,0.036121094352836426
17.46918520867338,0.034951695452109736
12.685912433869616,0.03684953678922616
33.07407576789076,0.012547183384329008
11.92000024450477,0.03367274196389656
22.074068862559592,0.027673218103008983
7.618503287533853,0.07207209679451063
3.3432693531793367,0.014165429555976397
15.429967929948162,0.04629185731380934
9.627447625106312,0.0698794899886747
7.465772702107532,0.06157919848739406
20.666429694950985,0.024192471693292195
16.50256540352882,0.04501646935858157
20.186340945743577,0.025375842202751575
24.985035642015436,0.01978338668435677
14.491385068347311,0.04313438831488351
18.473958549707795,0.04008862586904862
18.26183060529619,0.04461235875949768
11.626568061217878,0.04832558628380241
34.7484469034533,0.012739863898191926
14.343428679925069,0.04419540461368553
6.561324526560405,0.03881926938601431
13.01202899304637,0.040358035632218965
11.88887980008274,0.03499980374408206
13.574247538646356,0.05349886663012555
19.505505695122,0.03965780569032521
20.66041175533125,0.024131202414305126
11.409641062758261,0.05054798591913173
33.54004826608999,0.01786934975654932
15.166456504894201,0.032704842440151594
3.9004975579727867,0.0270416498087642
7.94126996825064,0.09151130222283956
10.156570053984591,0.07660696845783134
7.261096866045053,0.060937373364566755
10.53600873566254,0.08099448332716641
11.396102518226588,0.05026174295101448
12.008066186498649,0.03103263140743194
4.118634069457567,0.030910724519115206
31.05584884928016,0.006326407873939509
10.772799367650661,0.0714782658322833
4.29571484875951,0.023436011029978374
26.77360077312347,0.009614500137287818
16.676840582926957,0.042666327269733455
10.036385061326056,0.07659047023800232
6.94776008515276,0.05397769580586355
5.28073607048455,0.04514515904748107
8.861995769454786,0.07758693887903903
17.43665202258089,0.03469993251530742
8.006028564817795,0.09086422922207514
10.743569486113078,0.07373522308476178
16.31831614544172,0.04467594782929194
9.217071274297469,0.07550666121616852
18.870793568710724,0.03955394757742575
26.782204019660004,0.009472052507212206
16.69615087943412,0.04236998676486185
35.66537582740628,0.01038913861143694
19.24159248268378,0.041819943163898254
23.799710274173748,0.01245764860704757
15.89704146433868,0.03790335149418251
16.723702005353868,0.04195085953534503
8.608079522833478,0.06389322612662894
9.048196163522812,0.08086613037137796
33.614026644065035,0.02095514939223992
9.310820299147121,0.0715152879596963
4.749882210210212,0.024853202684671432
9.362361711144283,0.06977393062660499
10.702964563938743,0.07643383940629359
23.71518522621797,0.013077233710601684
13.185485124297246,0.048878014957525334
16.346909568346028,0.045011916076289606
9.795959596526716,0.07342250586621556
8.817646558903153,0.07527920619829977
13.299814419534005,0.05432827473341308
21.673195004900762,0.03309896293903182
18.96332999172978,0.043038164393080815
13.160979560384783,0.047528609824095513
19.41875830640357,0.04003924315647543
19.65553202945702,0.037653450122683736
33.00917647115149,0.013469212802135635
10.64359497807075,0.07929191085845953
18.17688666557081,0.044462992115690395
9.384527580772689,0.06919578337852744
11.223648485684127,0.045635976547421055
18.905861107033456,0.04098514583660228
8.557398182631818,0.0629211490633591
8.96426378926271,0.08079047907574505
16.193842877337303,0.04228742424992974
17.904720817760825,0.0403965290095117
11.656708407964365,0.047051345981413174
5.796742642311249,0.03948912031395481
7.205058123705629,0.061774409050302403
24.077029467055436,0.01430348091976171
21.222108105252616,0.035463688470526396
11.738298291375722,0.04292779504952323
21.338865840681663,0.03255089936911367
27.06169087652157,0.00516954045147341
17.902565731767353,0.04036488150992402
34.13989826427742,0.020229350132486345
22.091623936263435,0.02676242224273617
34.19348945295857,0.019150302559385397
24.793882774117154,0.019983033339537663
6.83489614541115,0.0474608648501954
9.618874043763334,0.06970776913524578
10.420120468366719,0.07927869980595141
8.971461131578456,0.08088750411813349
20.04942161167165,0.030402316765055504
19.05777259575865,0.044600588703775444
6.966320416264793,0.055090483436320066
19.804697123385903,0.03530303544517751
9.99447430750156,0.07634132117654481
7.234996306868231,0.06137912540372011
13.021720877930703,0.04071917470507485
15.264139937921932,0.038824578319103645
10.807771439578488,0.06850791506824747
8.872056430320505,0.07804372278345956
20.68176802705711,0.024369355249504086
6.529881427417752,0.03830594772979206
18.677259754116015,0.03509384836619658
16.266385771678753,0.04382749370546409
21.859561084770046,0.0341298039856856
14.259546126437781,0.04373083847764017
5.710310324202769,0.043910750953944595
7.844520851215303,0.08922115701124178
17.842725332144727,0.03952361438611339
18.289150779095028,0.044411794413470214
8.332589604340454,0.07164429468870205
16.636751399571516,0.04328188079501508
16.563846376462628,0.04433293931848152
8.743486185527837,0.0707648571679742
5.726449251439802,0.04301801059308192
5.377760237191211,0.051913484914165454
32.97084299642113,0.013904193942427593
12.607669477940101,0.03713853753197717
4.918468031353874,0.0261985064995616
21.18712177657049,0.03619722389513456
19.540678590901546,0.039351934038421965
32.85062896931341,0.014566386552271663
15.449159132823103,0.04654902536797354
33.28686985691814,0.010754682881978518
10.420890496333733,0.07929517594330734
12.416721714016301,0.03655728017069386
15.586011641080363,0.04467587831939311
13.776822581519946,0.04972506640076475
10.888037237816256,0.061106595879280676
26.69250581333813,0.010845641858288327
8.724340562664985,0.06957846916791824
7.594580905953134,0.07001228056111915
8.994700008126886,0.08108256617328284
7.906819907399494,0.09115502065092337
17.761856044442226,0.03845169795788198
10.00134978900419,0.07639300843649671
4.833863557900822,0.02600351322864442
33.638983362173754,0.021899470796512593
7.820248648063536,0.08803246695081432
23.32397752087171,0.0203016103311028
6.886947438466529,0.050324846501812695
24.658595091248596,0.017780561146435066
6.603419025005033,0.03961368842992599
10.017203755081564,0.07649601235041813
5.928110927395513,0.03474368140847197
13.292728917156833,0.05406494264657488
8.30601458138932,0.07355788305942358
17.82969135608568,0.03934782964062291
14.733890719588057,0.03162020236244822
7.3459182917274015,0.05971366614121367
4.4488529603588765,0.018306601400961006
12.092045538370888,0.030292286833801266
33.75909209359964,0.024939950677944713
18.56001613189582,0.03730568926266643
7.588513968949562,0.06950463986358092
21.029725475581287,0.03591864254956654
9.259809674869615,0.07362571722818652
12.720123377276495,0.036752258681045855
6.369570158886397,0.036182344826280084
26.822873239567322,0.008769513813540783
7.668387951474026,0.0765173591678732
9.24918233934366,0.07409108823647016
7.415494155522642,0.06007825666897549
8.227696304621526,0.07929872418875715
12.662585328780734,0.036932140759702886
19.324560012422015,0.04057124833563197
18.632737014558458,0.03556586058014323
10.285592918261829,0.0769395254370869
22.853250517160664,0.02074697904987913
7.450225595659828,0.0609955762171413
23.634083678785146,0.014832782813061714
15.506225437973049,0.04646962798247721
16.87634344245035,0.03963280254035394
17.74066361208414,0.0381735805949551
8.070119587278931,0.0887422259345598
23.1003195374717,0.0159002950947496
7.634463744564788,0.07348325043109709
17.32455934150498,0.03422478511534035
9.83296900173027,0.07412226260369077
11.722874170300626,0.043759311682866675
13.692074067684784,0.05062312750926028
20.63707233458269,0.0239297093896718
8.821537054858236,0.07549833526860804
12.074527977788676,0.030301303505557157
19.3064396978138,0.04077243840102055
33.72983136049658,0.02447312912531459
7.943820185648461,0.09151769209969568
3.306708072036024,0.014059037307274633
24.569165915604273,0.015925055616129762
8.369947030435274,0.06910386625258537
18.159538247423765,0.04430801326727921
8.168696666273648,0.08334313082233137
7.466882451815256,0.06162494084311732
20.416072678195363,0.02255038130774537
4.260948708738061,0.025179068587804134
7.719489965846528,0.08095948595957676
29.64017808521637,0.004830930970052487
7.9767067835471,0.09136113019287546
18.589793023780306,0.03647967302122801
14.788276856462058,0.029057642941840916
24.97060321820895,0.01997170626399113
16.07653883348157,0.03973218821228422
14.6551287992132,0.03593397499954638
9.277131598355384,0.07288070176111161
13.857984541210648,0.04938558641844263
4.442511104684647,0.018383713291794546
8.473062749743605,0.06395100688828
10.340326290980165,0.07767544054299323
23.213599375791294,0.01787487020591826
10.753603138181237,0.07298726837472326
35.3571705864678,0.012375886645951066
34.89744862308055,0.01337090756787591
20.890193549266733,0.03070323919409198
7.888537453657876,0.09075916442292238
11.918857068992901,0.03371828795068487
15.061357332368065,0.02774766512476695
13.112826731756801,0.04491904389375975
23.60780729899314,0.015599403865961618
14.397925245280062,0.044325441738858995
11.889316883505115,0.03497998355136785
18.2350592122507,0.04468632005162764
28.519376477842286,0.006741158933500386
5.001247617140499,0.02692044880743695
10.434876653382412,0.07959104387268
30.176326466784023,0.005691606048956175
15.600002525569419,0.0442349048300166
15.26353235848084,0.03878612318181749
8.143960884883445,0.08488882362570047
17.246240208010313,0.03434052858576259
9.58457072664154,0.06907176858393452
8.186260417228397,0.08218538815659034
8.253351997393004,0.07743513656483904
20.634366095732094,0.02390951349841615
11.569938472921972,0.050176206142039964
21.68804817999006,0.033294159411595484
14.4300140688469,0.04416176184265677
12.958184475444005,0.03869625061275375
8.725811932190535,0.06966871891099242
15.358107622526616,0.044052579605042344
8.186106250098256,0.08219574477317741
7.86375040300066,0.08999347396805732
16.037039545575055,0.03904737201139762
6.1602373653359,0.03293413013972212
9.94281811046591,0.0758235041484477
7.2042443035999035,0.061782670389574953
4.871560722038673,0.02613777353045836
9.10723734053157,0.07965324744589339
17.76473354498212,0.0384894500670943
12.040088408507062,0.030540484277792563
12.838796858587552,0.03690363897677237
4.547983829413437,0.01885558335335638
21.898379358740282,0.03370791052281001
11.38005980193274,0.0498762899024984
17.905398484943376,0.040406502953039845
14.405950166224043,0.04430508413890624
26.45712345587305,0.014881415285050534
9.286976576921488,0.07246818759114344
14.0690035865245,0.045972600648433115
10.6058406594144,0.080383642455565
9.238358177977352,0.07456841680917974
19.498702843151236,0.03970406424033859
24.973207154200956,0.019939807174009186
5.884802127765923,0.03604123517761041
5.671777187886148,0.046115695509660964
23.538568426556612,0.017794199206322164
35.09807905269388,0.01274023417577938
9.88615471293144,0.07502889023586165
4.8326527367496,0.025996237990352555
8.771167495511753,0.07249519498975708
17.77890032660902,0.038675393731839654
17.20946949931602,0.03455052084489015
17.022197881782276,0.0370902477826682
16.282299822770796,0.044116679780636395
14.096826480266548,0.045337408285561896
7.1854737829832,0.06192738526980197
8.721489034559443,0.06940414868638572
19.502668853415184,0.03967757412594952
9.88912443022908,0.07507541821524158
7.159188413196452,0.061959029289341834
3.836584940900471,0.023963345991292396
12.598333634484595,0.037170257460368374
5.62386936723138,0.04885831311245378
13.914583467547581,0.04896286495350411
16.972925144741883,0.03797746327407199
34.36194569779461,0.01571488978772135
14.494870620511914,0.043045025747902046
25.09366260056931,0.01759917642702124
9.526188289890673,0.06828859607381535
3.81023219407213,0.022722766224263523
21.18521171002661,0.03623157824511884
6.837086413765418,0.04757351661740322
23.63641376564321,0.014768472310427086
7.128193644115125,0.06169550908711135
9.14639873404095,0.07838787266902678
17.93719131494383,0.04088694757869674
9.523092688724171,0.06826146349905728
21.02936436888746,0.03590992531476939
34.280952871310326,0.017368070668564325
7.042036163818463,0.05911792448470772
9.876381058677783,0.07487243394198191
19.928370377928168,0.03356992343573408
5.242450700006576,0.04178294341064634
8.349346699630102,0.07047732628617537
11.45784179253706,0.051210964471689144
26.43790064732333,0.015320372064197018
8.077501211273326,0.08841746189903861
8.904434158967442,0.07931610951334991
10.734434818836947,0.07438971689677713
9.924527687801868,0.0755900200503515
19.630192128377193,0.038091543910152854
18.468858033041407,0.04025562520815103
16.703896638438177,0.042251647880812516
15.396179211896536,0.04548138012550157
6.999604788659478,0.056996554568349574
11.026902835699964,0.04977505222738409
5.571431058746478,0.05153416971553099
26.51164922328118,0.013708074117495904
19.06690685717568,0.04460740389015824
7.950815571251575,0.09152132293203055
20.555657108416465,0.02345497075162637
21.786538114772704,0.03420069690074855
8.923943439288188,0.07992620629655688
15.698572289596761,0.04097104504972065
4.7123189553590805,0.023889304010427683
15.72192735881061,0.04029277614210823
20.252987663148357,0.023512861952013298
8.504269325858669,0.06318564546458007
21.96189955505919,0.03230721421711142
11.211929188364625,0.04545818583660634
26.28293205326493,0.018060461582383527
11.115653277253315,0.04588755529231919
3.969125813592145,0.029861126555033375
12.894896966975814,0.037461108942458445
15.246000555672394,0.0376674800266013
15.602420383422928,0.04415656253612131
11.463062247094133,0.05124530503328085
5.436403810709374,0.05386852429893496
18.18350209296968,0.0445123829158712
18.767517712674472,0.035979729635294784
7.051652209666053,0.059532061031970666
5.189565953559672,0.03711743459415454
13.43841398390857,0.05639100933356524
6.982644875948767,0.056044279246011554
19.624522413088815,0.038186865429355434
8.719128393896012,0.06926046478719564
9.614899340044728,0.06962960609226812
25.291988851330387,0.012593045909048658
8.583913739329592,0.06328629313333477
27.931139497365688,0.005128045760990817
18.184060636938963,0.044516294674777385
17.297544546180674,0.03421719779246135
26.57361754016168,0.012579324811928541
9.702231285461663,0.07147302953249177
14.013317028692843,0.04727966775189059
8.884493722742935,0.0785692953788362
8.654907832108384,0.06572656106465391
20.173147415298196,0.02582807021408867
24.2516044804367,0.013768768818823109
13.514386204292514,0.05513064572942678
8.512380896378078,0.06305908772331077
16.812122029652226,0.040628016849163305
10.74757182304333,0.07344042156611237
34.64033168394371,0.01236123975807343
23.881450958450504,0.012813768479200382
13.203061818662919,0.049831818447728465
21.970307666970477,0.032051584017992414
8.07693665295543,0.08844282861714069
18.87673438573148,0.03979820789900072
12.808468351098522,0.036760752729623966
9.49759603557736,0.0681061827204557
9.706344935392238,0.07156201508963743
11.176187295994202,0.04519367227385704
33.88290615850077,0.024941525779897115
11.871596019284231,0.035807691420192654
10.772147600178325,0.0715310672078602
15.150829852607954,0.031816538749534
14.467114954216727,0.04366256969635343
10.583025675389216,0.08077374297414663
17.80977482896969,0.039082376747435935
22.602198380275127,0.021311860680380885
20.662139846803488,0.024148360848745574
13.315119930865723,0.05485051286629814
16.972328387896166,0.03798818572114517
33.792212394220044,0.02523908907190095
34.10762009367631,0.020879511484830103
13.633164277525786,0.051874141952594516
12.7816368112698,0.03670434199695108
9.568472747990219,0.06881093908192608
13.692825931509848,0.050610551557855155
8.67923729909473,0.06695897411730588
8.041022893262666,0.08986855587240986
5.41044964224881,0.053237316714716605
12.166521569604086,0.031014174272143067
8.213964216894103,0.08027578966031941
16.444066745209163,0.04535959503232447
16.27382962742178,0.043965650694462205
25.511425674772234,0.008341760411484033
27.292998819452514,0.005575355078706302
7.7266411013857885,0.0815507507754547
12.593224000926517,0.03718664737566585
13.025593362133643,0.0408686403254172
17.07747677809733,0.03614172516951824
8.875735025225271,0.07820377565482539
10.081277631433704,0.07669042802071549
4.778837197137538,0.025409173684024438
14.001789436831622,0.04753294737898358
7.85724183377477,0.08974926656548446
12.20998598656896,0.03188694611033529
17.53573623662125,0.03559638436858891
11.582651907889856,0.0498302535579442
23.372899994882115,0.020712528730428156
18.213641161499524,0.04466203107101202
4.691378462678262,0.023254477240991677
9.084283864308993,0.08023473825014207
17.850918258455565,0.0396351818861857
33.53805607503875,0.01778435330749847
6.571328822013214,0.03899623235533025
28.036895347662384,0.006369814814170251
24.202606506172888,0.014053440174793656
10.13529699415996,0.07664499387238478
21.001098067566225,0.035123250778603295
15.558293991795418,0.045464356652722464
26.21548493980725,0.017973208125811647
32.77881651864692,0.014565351722683586
20.00481133856104,0.03180587399056892
10.618146291863894,0.0800899532919826
22.77600773555711,0.02242610148326664
11.612861591859259,0.04884361585619652
20.355502224082407,0.022390781986907252
15.275503852290232,0.03953807268539399
8.848025901021726,0.07690873426954943
6.108515971264625,0.032541965716954634
11.259490467221799,0.04640060839045576
14.968243881964487,0.02578327292467557
5.36723737690333,0.051368335116847984
9.80325665941628,0.07356432363951583
26.737435693056224,0.010187084095518512
14.7043583887263,0.0331935077228523
5.134771310778564,0.032822821821918244
8.008109856508884,0.09081685266018222
13.281375497965193,0.05361629903401311
15.274818403790887,0.03949538513055831
8.272348880340441,0.07603618496848458
3.9718179436357244,0.02995013199206758
5.632163076629439,0.048393986014903356
16.298567706522455,0.044386759318491995
5.522448439245611,0.05333839006313535
9.235010580778182,0.07471630802657706
10.501782235980386,0.08073927592689398
7.098049667511795,0.061098513275675156
23.55814980272564,0.017171929199209655
15.457337725667758,0.046613817103137827
11.77866415644521,0.04070596197331364
10.99199510312986,0.05216126661852391
15.496526275670693,0.04656701061845758
12.284737076497805,0.03376683916852914
26.12583266055981,0.016233828915615492
34.11451759910453,0.0207404145691782
8.00282170756528,0.09093416750946219
13.150403642822907,0.04694607069210668
5.573134146451526,0.05145702539598756
21.743972625158804,0.03391334650584486
14.458944567898405,0.04380373103833498
6.42499183041485,0.036903258740045554
8.073978706512687,0.08857431341326871
7.01309283968676,0.05771668199389426
13.289028970743107,0.05392226499110943
9.09240634208031,0.08004395405020152
13.568567675727532,0.05366217947582188
9.854367053519967,0.07450260071189337
8.42778783875943,0.06578137296411128
18.530583369405544,0.03822131851039787
8.095503450592748,0.08756450757708445
5.072709816205345,0.02919892728676855
15.604868831083394,0.04407668812797278
13.904615179607731,0.04906300212933866
33.61753000935899,0.021092145450417987
9.85688970740043,0.0745461358844131
7.6441437488972825,0.07434725086670181
12.051679607344358,0.03042663513183937
9.963002965333786,0.07605204815626743
9.345934877495619,0.07027301032412143
14.553267814291557,0.041059380575106066
3.67616254955823,0.017815134185000126
21.221888879617932,0.035468804011292945
8.345336769608302,0.07075301601512475
34.633260564078746,0.012364168241401841
5.781093120800998,0.04021740073170294
21.237637631049125,0.03508907713718614
23.097477183136895,0.015884762676412003
13.614802625128013,0.052355057758425215
18.906271947140656,0.04100153138504982
20.284080789739782,0.022943794332306866
5.781029793199159,0.040220418146122226
19.1491740780215,0.04372691293337666
4.995425654407477,0.026815778451077417
16.310672168051315,0.044569294593566317
3.017888281820266,0.008498286540971605
11.60202798235273,0.04922293845590586
17.308318161995857,0.034214577217964046
22.913360479378117,0.018942886839845643
5.191700178166891,0.037299513502568535
7.788824863411151,0.0861632711264854
19.255998128273145,0.04154706544298767
7.285761835149481,0.06049975494117768
13.389400212406981,0.05636651063587649
13.041161309146784,0.04149858006147783
11.169714658146466,0.0451955982287789
10.385773110960617,0.0785458704676864
19.679961358402704,0.03722381959007896
9.518017511370518,0.0682206943735634
26.100312625436214,0.01546278377345451
21.006112095200688,0.035277190116163246
26.051930288929587,0.013800042165115507
4.530286636948698,0.018532029960369296
15.175626675168127,0.03324479639422416
10.216391006632957,0.07657392575167744
