0.7000443803217974,1.1678463410383264
0.6979325505013712,1.158551375717235
0.6283764952350329,0.8589288513248301
0.760077756091588,1.4221088145440324
0.6679699132924263,1.026934279483661
0.6465159044978548,0.9345934784769477
0.9728041112281292,1.6609945595313111
0.8733424039219311,1.728845660115476
0.7388180945768159,1.3354258149788318
0.652026781269588,0.9580619156210266
0.5329890166371023,0.5188118313979594
0.6973557817056742,1.1560118697511457
0.8755264898645558,1.7311251009691389
0.9645694560804776,1.6797586989607416
0.8132368146585351,1.6066043188151125
0.7282407563193863,1.2905924005204779
0.6100663256370091,0.7855154201670306
0.5583291158509214,0.5982800186735684
0.9819699666737423,1.637543139684397
0.9325182348755268,1.7308318737893569
0.7765289737004091,1.4849536562661065
0.5395893971835233,0.5387072323233348
0.6966837531118553,1.1530525210896498
0.9863744758845752,1.6253430144045373
0.6815193755079265,1.0862741780721665
0.9918289620562177,1.6094231996993613
0.7557691452853725,1.4049839063710294
0.982329341875186,1.6365699971891565
0.7112105415806803,1.216839669876599
0.9719343588395954,1.663080906197689
0.7983944994994125,1.560946793232052
0.9602381441042127,1.688727874664247
0.9893073629967251,1.6168930220203666
0.7523584911201961,1.3912553719358138
0.8351862462207065,1.6637678214662708
0.8104311638186372,1.5983801096696275
0.8556979430499911,1.7045450862376772
0.6524026531566638,0.9596696838773049
0.13779975089958646,0.03901946686004841
0.891126979600162,1.742586284765776
0.8676570227171014,1.722149965534387
0.6653240493456738,1.015419171502694
0.9497635378304862,1.7077870830414155
0.8266664272193576,1.6431474012434213
0.9715138036350219,1.664080957668954
0.6765406301744848,1.0644101050479715
0.9880695374813268,1.6204908009073227
0.8380570392768666,1.6702442911514426
0.49617197132258684,0.4181431553546134
0.9432541466279484,1.717718790459533
0.5756934404687515,0.6575039700485025
0.6430953125217647,0.9201305595218777
0.8926441133009013,1.7432435376402455
0.8154558569001182,1.61296856741955
0.9242541297183837,1.7381187469366632
0.8287685239000159,1.6484261504289925
0.8362030389671035,1.6660893814429363
0.9945314926799378,1.6012103793755585
0.8594135519693056,1.7105177618148621
0.6298778820300631,0.8650888841380551
0.430157301117062,0.2785118857981248
0.8762306628015695,1.7318250977844398
0.8994975924162527,1.7451888549126524
0.9941594912640047,1.6023534609833905
0.9187980723716437,1.7415804260968866
0.7488116911057857,1.3768271937140493
0.9719076907201492,1.6631444911095705
0.7480634466570764,1.37376453456902
0.780099533213147,1.4979977804549351
0.9561085851909211,1.6966901659715132
0.8799980005833232,1.7352792099795813
0.8597688873725351,1.7110654234503817
0.96118772097546,1.68681536543883
0.981183362455515,1.6396592186642194
0.9506659097732832,1.7062936728363753
0.8808709712544911,1.7360093468055706
0.9884088153076258,1.6195092331193595
0.6122057634807696,0.7939211088188272
0.9837392626529259,1.632713679865567
0.5745260215530159,0.6534032637284962
0.8853396966182951,1.7393300585246028
0.756250130589578,1.4069079533682922
0.9433008041105408,1.7176528885102245
0.5657069064496337,0.6229764297047241
0.273843540786389,0.10010219285638347
0.8466358117706395,1.6881280844973177
0.9891168372591973,1.6174497678861
0.8727327227510759,1.7281802079788389
0.7991290945919386,1.5633273532924772
0.9825538124578269,1.6359601363384948
0.6765005359182463,1.0642342672766656
0.8463648451369079,1.6875975453958367
0.4296331857458275,0.2775927752729517
0.8981867906973395,1.7449468367893821
0.6367184764620928,0.8933998097006149
0.7165403593887909,1.2400816635951832
0.702878141178732,1.1803080126332381
0.6478829772020417,0.9403965459859719
0.8203273415109249,1.6264941372942288
0.9222765815771314,1.7394976874753911
0.39240802840309263,0.21894873698951872
0.8906041162278753,1.7423408147186163
0.8225363567028906,1.632420950767965
0.8463550927814929,1.687578408451433
0.7538411890408695,1.3972416046336948
0.8743020457236221,1.7298673387465233
0.7069181151200774,1.19804487089504
0.9393044733750345,1.7230189584553295
0.90569303837686,1.7454965608828823
0.9400459900191737,1.7220659690884434
0.5603595876700905,0.6050073663549697
0.8300042599704875,1.651471503442987
0.8668903750137301,1.7211635378624186
0.9502147919478648,1.7070437957164766
0.8339124436412745,1.6608169240586335
0.819140816851387,1.623257034597708
0.6567287031411235,0.9782347766097116
0.9415488140856907,1.7200748465087274
0.9591752390862107,1.6908325530031172
0.9027412536524037,1.7455223423216215
0.9775485318375449,1.649186902732154
0.9035351267456058,1.7455462849009864
0.9492769398281826,1.7085806638074046
0.642941110028243,0.9194805390846931
0.8843838013348637,1.7386785541648038
0.961222916255942,1.686743896513121
0.8559528504359091,1.704969113670236
0.7621188912674541,1.430131849555419
0.7582655643837417,1.4149367594340703
0.5000261359859434,0.42787479341461726
0.7985634575088093,1.5614953924210984
0.751946276587503,1.3895862662357887
0.9072973111596715,1.7453507025253803
0.8982661721074482,1.7449632467838367
0.9223871732095559,1.7394242995109366
0.6124951009056224,0.7950615469235638
0.980266653310564,1.6421010618338991
0.9551319264253197,1.6984883851474615
0.9068893272434787,1.7453966072176965
0.5937640258643337,0.723095569660301
0.9314508654690621,1.7319110091497365
0.9696993319186687,1.6683298399465216
0.8853180865327985,1.7393156846063438
0.4979282506580055,0.4225547583376453
0.9449754933067055,1.7152367529487909
0.719618685202863,1.253446552263603
0.545650372970439,0.5574761798354168
0.8824093900775991,1.7372314070878698
0.9954312681331379,1.5984290574667612
0.848535035160839,1.6917827353816055
0.9055956336694317,1.745502425105842
0.6783522866110474,1.0723595381008082
0.7818878048018298,1.5044433204213872
0.8250816476565106,1.6390866834938846
0.9975533187390788,1.591777686666195
0.8988182439856833,1.7450711209932388
0.9988913545115194,1.587518028467973
0.8985449299679638,1.7450190822956062
0.976361658924801,1.6522079616295307
0.8856654641908321,1.7395447523354926
0.7573996469456257,1.4114938991658301
0.6943065518635374,1.142581484689494
0.9194803844494539,1.7412063811130056
0.8670677738655895,1.7213935469334933
0.7313264755776505,1.3037649035039773
0.8729853765991826,1.7284575137912532
0.8174830431023433,1.6186722139624896
0.8463866438804851,1.6876403102130453
0.7016120215159061,1.1747419142432785
0.885599489359325,1.7395015737569215
0.9861855436521627,1.6258784773904362
0.7583901048019497,1.4154310929683727
0.759959923531722,1.4216438551918704
0.7417721318628109,1.3477707470412363
0.7738557833797657,1.4750403825585963
0.778741707686265,1.4930643892793658
0.8894504033859264,1.7417648618221
0.9596109701657323,1.6899743708290516
0.9734571064642994,1.6594121404950548
0.7613179992058332,1.4269908748790197
0.8711906115499517,1.726440464730771
0.9011474612883317,1.745405765856084
0.3474782418009944,0.16346703964702952
0.8675147119398826,1.7219683492543845
0.9470586710451872,1.712093949234012
0.9840126686847761,1.6319588125129945
0.793506851865023,1.5448057589300492
0.5899593230196205,0.7089611499265946
0.797409700869631,1.5577365809638926
0.8623648932713355,1.7149408811265778
0.7382026368119142,1.332843353617638
0.6899223933126153,1.1232655450472246
0.15395645527734853,0.043756356213853376
0.9549423741415077,1.698833605431353
0.4118888944501429,0.24805114843189807
0.832752872770864,1.6580897976003912
0.7416671427087596,1.347333458597912
0.6669366634897501,1.022434015329496
0.9387220382601151,1.7237538251749283
0.8395426596852311,1.673500186824215
0.9131630312107519,1.744025635654229
0.8989270606974551,1.7450910935684287
0.897702976380891,1.7448419363154775
0.9008091996407883,1.7453692674009376
0.7720986372132521,1.4684576602128216
0.9189056271485265,1.7415225821392069
0.9796708243199149,1.6436741345991432
0.7822737238077444,1.505826472915829
0.8788919732218139,1.7343161082595544
0.5745823390725553,0.653600697290685
0.47509883878721937,0.3681489963447926
0.975541009054719,1.6542707096963818
0.9896101309129544,1.6160060652083508
0.8728481380897419,1.728307154977076
0.566842980662332,0.6268409676007065
0.6215382088457305,0.8311311068360022
0.8693034666337398,1.7242015790953427
0.623109770310291,0.8374810387981115
0.7895900600343728,1.5315034457271217
0.860683442651178,1.7124559780271922
0.8076948239631836,1.5901718846764246
0.9131826694076653,1.7440191092079853
0.9831384605345587,1.6343644266161599
0.9822536982215794,1.6367751620703166
0.9586877686622717,1.6917850212787127
0.7149491020632084,1.2331552028983455
0.866946123307806,1.721235932843755
0.7776589269526812,1.4891063956149573
0.9318058229975631,1.7315566695394708
0.8503385109877059,1.6951489234194872
0.7287843534854952,1.2929180280127965
0.7214255490999746,1.2612681227766191
0.8714152359881862,1.7266989119075407
0.8013586135753707,1.570478033341808
0.8945588220309723,1.743956026171996
0.6679120397135887,1.026682101293001
0.639061146834468,0.9031835130420011
0.6164738868539099,0.8108309805902691
0.9084210989716724,1.7451931669638743
0.9977658650338539,1.591104420707098
0.5467333025633029,0.56087998762203
0.9621522033144234,1.6848417951797219
0.85364411745612,1.7010524924313821
0.7657068852513655,1.4440880688386928
0.8877839606328659,1.740849723093069
0.9834271853319694,1.633572517512759
0.8036780853268756,1.5777965381158374
0.636048196577569,0.8906085687354468
0.299109469740242,0.11862738825165384
0.9356539871759739,1.7274257790079135
0.8851348883204764,1.739193170986198
0.9063363147126975,1.745449234388413
0.7376443471569241,1.3304977462734708
0.8481158188325837,1.690985693048866
0.6365988175857504,0.8929012495535495
0.8272318426499421,1.6445793696120723
0.9262790407307862,1.7365605826385113
0.7024139032574592,1.178267493116978
0.7603160565750587,1.4230485379862645
0.8457841053843784,1.6864528467653077
0.9910086390432109,1.6118738738718181
0.997100659805593,1.5932072694744963
0.6955460942701568,1.1480418531117342
0.8914078935520592,1.7427141562113604
0.9775172704583187,1.6492670465325112
0.9823199865144124,1.6365953808854092
0.6554334771386281,0.9726649443483506
0.9370324355630729,1.7258174434988338
0.9773380002673444,1.6497260398363343
0.6212394160338163,0.8299264880537927
0.5905594588632034,0.7111793853390816
0.9925324107021329,1.607305955156113
0.515065023279616,0.4676359578632989
0.6635205473241128,1.0075873685147743
0.972882378827709,1.6608056158025786
0.7672373929896443,1.4499822064332268
0.8795706631995301,1.7349121304446495
0.880568639149661,1.735759483928032
0.8276068709047398,1.645524261860221
0.9069898948579551,1.7453858500326873
0.8187978924123294,1.6223145376495092
0.7533501599224057,1.3952621660992586
0.7122123041003786,1.2212169016585914
0.546451221991106,0.5599918988062375
0.7015381788878193,1.1744171960926668
0.6509083017493685,0.9532828905487467
0.7671862885152589,1.4497859822133206
0.7493271501561363,1.3789332853122713
0.8175509832587156,1.6188615245855105
0.9550637822880576,1.6986126337031586
0.6546556176453049,0.9693245399119793
0.73823431329164,1.3329763538671395
0.8363335528282132,1.6663851806645824
0.8388109417044314,1.6719047544331558
0.841545891574984,1.6777860203087236
0.9791244119879647,1.6451069852726883
0.7127730798540362,1.2236655597524364
0.5602577741432442,0.6046687787016665
0.8184223005861034,1.6212787111358054
0.9616334169115752,1.6859072428937263
0.830068418198733,1.651628438224905
0.9646128028083347,1.6796657696923507
0.7101070362136548,1.2120136494603724
0.6297183138293637,0.8644332486702874
0.7732662944157691,1.4728378040993777
0.8100459741146435,1.59723573694203
0.9998850069408257,1.5843221459129613
0.3871083794131527,0.21159531296296397
0.9650119561023682,1.6788071066340526
0.46489333407361855,0.34583221186968
0.8219303877438321,1.6308081458087735
0.7678721662459365,1.4524161263471653
0.8447204442823274,1.684329327842368
0.9288893099039377,1.7343340748208662
0.723064644201354,1.2683474011700544
0.9282124517947219,1.7349349657265591
0.7464089866384175,1.3669701729670685
0.6027500538807355,0.7571384159384885
0.8630841052641589,1.7159752848331706
0.6334750710980273,0.879927450841621
0.955985509842318,1.6969185674753686
0.7900486387035806,1.5330773169453829
0.9598838646079361,1.6894336306300077
0.8533198636759983,1.7004887509671038
0.9437828191329637,1.7169675750338345
0.764138754547986,1.4380120378780665
0.931927140577165,1.7314345276756686
0.765517704482877,1.4433570209111832
0.7540634088605456,1.398136419148133
0.7988738801407512,1.5625016613506977
0.7942632602609689,1.547337538707922
0.4888224244744236,0.4000952173313501
0.8360088956043156,1.665648446771142
0.8596695827259158,1.7109127854592903
0.9927968415222588,1.6065063273332747
0.9547510047069656,1.6991808863074322
0.3020839560866814,0.12101008059546213
0.7322297069182366,1.3076069715058698
0.8693451394623906,1.7242523207848837
0.5539311677525771,0.5838906380009443
0.7506144407769864,1.3841794032644397
0.78733814534062,1.523712807814452
0.6996249120952212,1.1660005764071402
0.9206536026308465,1.7405238633986155
0.7813769171004523,1.502607976822221
0.8136088573958794,1.6076800682746004
0.7583286587338456,1.4151872238152199
0.4545882329656446,0.3245008376402489
0.9452985189584833,1.714759377993706
0.9845443994459402,1.630484168247164
0.9744467809167963,1.6569877286995223
0.613863107317638,0.800465287833284
0.41065737492133275,0.24611119552773064
0.8210796554869058,1.6285272611067338
0.9132775737977163,1.743987372555936
0.6303078819711949,0.8668567816260654
0.8582317992524462,1.7086667467551138
0.8699797559530231,1.725017788132698
0.6478628616801168,0.9403110660673061
0.6190889125038026,0.8212818734850685
0.832663591158747,1.6578782146946949
0.9230188715788266,1.738996641195985
0.6022455485074937,0.7552030956836969
0.9147336013415471,1.7434596107227736
0.996177708867455,1.596104064425734
0.6462357218248269,0.9334057147198538
0.9174621515224428,1.7422640213890002
0.7139241313823943,1.2286877604886652
0.6524729896213836,0.9599706402458474
0.6665239775049314,1.0206377980174521
0.38186016214261886,0.20453930110867458
0.8784590849282087,1.7339276036812545
0.693360040663239,1.138411491133387
0.8887564094278572,1.741395688540807
0.9824807483516678,1.6361588137565326
0.9099935502816998,1.744896124682553
0.7206162745026843,1.257767153785692
0.2764870894470761,0.10190391479764854
0.9124541593744764,1.7442518753819114
0.7098226111422613,1.21076907157186
0.8944585858415202,1.7439219705467122
0.874529821352998,1.7301052075297305
0.6968740282896544,1.1538904602141515
0.7574473189295678,1.411683704233606
0.8825610332701205,1.7373473920829166
0.9538896450035492,1.7007284554924214
0.8490429251739284,1.692741019245635
0.46991486641645397,0.35666234945115005
0.7812400547119478,1.5021154759887778
0.9933665246918686,1.6047767021166688
0.6304275863214468,0.8673492200403671
0.8504695626626361,1.6953895517672728
0.8896388115214815,1.7418621423217422
0.8561746346557395,1.7053363386186744
0.9674521484307814,1.6734430079493239
0.5543772228366235,0.5853386907677427
0.8339775103831042,1.6609687995247457
0.8463948335806469,1.6876563729873064
0.9479669952417782,1.7106760874081317
0.8592033914631179,1.710191910046819
0.9830906550032501,1.6344952995708655
0.5646855960471983,0.6195162684374899
0.7812359953432251,1.5021008629744443
0.9784126110466158,1.6469594940393657
0.9594192492312401,1.6903527605998394
0.7723777485378636,1.4695067454112531
0.22273205528577145,0.07066240579107845
0.6622413483645171,1.0020414082020834
0.5520821458467151,0.5779154865431323
0.982437902534903,1.6362752444009845
0.9049822808651103,1.7455314869327119
0.7954109488072534,1.551155560078813
0.967746971527284,1.6727816176569612
0.6913920788709134,1.1297407582440893
0.7946565672937784,1.54864914620649
0.5694150563914524,0.6356506564363327
0.89579523741518,1.7443465875183597
0.9527368026798684,1.7027598131942143
0.8884869165252943,1.7412477354813736
0.8681234512777096,1.722740446172926
0.675430664677374,1.0595438144768374
0.9326325548940453,1.7307138739638397
0.7311583676192681,1.3030491207111625
0.6802528017133262,1.080707021655827
0.7885680957975874,1.5279805833539635
0.9389869555140351,1.7234210676232151
0.9416557266869368,1.7199301532904596
0.9933359926948495,1.6048696404446068
0.9663534745845408,1.6758824987361707
0.8652333348537579,1.7189642025474579
0.3118054234813825,0.12911659680866103
0.7322836207340003,1.3078361007162005
0.8103705642255907,1.5982003148247068
0.8830194811195751,1.737693147294828
0.6856992404986795,1.1046650672688167
0.7904888260028826,1.534584010073156
0.7972864128422683,1.5573331802283656
0.5762964645553181,0.6596287918584853
0.5629119787052508,0.6135388702705146
0.755876699685914,1.4054144105157196
0.572354088135472,0.6458192327010969
0.7674614937668013,1.450842198518334
0.9331427093005726,1.7301815960983136
0.8122732670084445,1.6038020435292417
0.9259878456559805,1.7367937560104196
0.8445025099088301,1.6838899505553802
0.8546816141674998,1.702833690665044
0.973702339790584,1.6588143192344211
0.7721444138013955,1.468629807923182
0.9923063314560407,1.6079879894978282
0.983527170070689,1.6332976844910623
0.7319027334347821,1.3062168677252457
0.8672908281334355,1.7216812528910779
0.9253502255553432,1.7372936562946812
0.9685110326242806,1.6710542747416273
0.9993653549328874,1.585996951319611
0.21524487454075042,0.06711106952703617
0.6562930849080584,0.97636044080919
0.9826376257587726,1.635732026805265
0.7064750610744812,1.1961017160791216
0.8279656302756839,1.6464244950159992
0.822088616549197,1.6312302297642303
0.9771458275737721,1.6502169401577267
0.5570350238371269,0.5940200807945474
0.7027637222560204,1.179805133533635
0.5461605829194123,0.5590779463257902
0.6852805862865011,1.102821982550276
0.6535830589576226,0.9647244038010668
0.44648461608532614,0.30854842564696855
0.07488778441463134,0.02474764472602332
0.8009373159236195,1.5691354579669483
0.970709529627014,1.665977502360008
0.9848026875904606,1.6297647443415078
0.9861117898456899,1.6260872138971694
0.9414120627009446,1.7202593342978367
0.5865213225020562,0.6963356912977661
0.9835429891597325,1.6332541736677872
0.9066814916616233,1.7454176809639121
0.9832633929956949,1.6340220784548898
0.7080201591544119,1.2028758152003134
0.5234280474163291,0.4909966795588609
0.9438172634920012,1.7169182901550877
0.9709260252372099,1.6654690527166913
0.49319311340241645,0.41074796945760217
0.9299457888620681,1.733363259760953
0.9286171278808129,1.734577688792456
0.6795064097376498,1.077427777974975
0.9790680658284749,1.64525420931551
0.8321038647978445,1.6565465378229758
0.7509926198804664,1.3857168710494936
0.7260530125847271,1.281211857785042
0.9065405224792404,1.7454310869627228
0.3390246983672153,0.15462548318325706
0.8242660993997819,1.6369700917926784
0.9614041618797204,1.6863751925535382
0.5442893754140513,0.5532199833697387
0.7185459978838982,1.248794789675741
0.9181865206218884,1.7419013713244842
0.9540490269654205,1.7004440210683598
0.5859165078149664,0.6941291771716241
0.9877399456870029,1.6214410434396398
0.9798250328899685,1.6432680654237304
0.786864154508486,1.5220600453006738
0.8383731069941248,1.6709424816231075
0.9990105758591311,1.5871360381812094
0.8601810560211387,1.7116955057459373
0.7930306436247687,1.5432055984741535
0.9647904399804279,1.679284288251078
0.9734152441195155,1.6595139979994757
0.7184500011641026,1.248378204828293
0.7025525450534235,1.1788769263377652
0.7427650688683735,1.3519009293182456
0.9868166790367896,1.6240855254923965
0.7847804094759038,1.514741662388406
0.7896930874216959,1.5318574169682206
0.7980033820023658,1.5596744155082984
0.7528099823364968,1.3930811149816738
0.7676528274618495,1.4515758254796969
0.7360108750998264,1.3236186907221346
0.557298203986156,0.5948846810395831
0.8868919368381721,1.7403195342309714
0.9967092302023313,1.5944387839783662
0.7464415464031143,1.3671041796268426
0.8507667041426525,1.695933139280561
0.8966944251940101,1.7445962963619854
0.5047447085265289,0.4400420749375962
0.7792538263837905,1.4949290173458543
0.2916407097573367,0.11283850726994836
0.7001511923621999,1.1683162991706402
0.4583848211000804,0.33222163854185577
0.44822288702388974,0.311910562366415
0.8330508429247239,1.658794278404564
0.8402203723769974,1.6749636036289117
0.9450565574810332,1.715117298483185
0.07643334676585725,0.025031198223684506
0.8881660449085733,1.7410682253492806
0.6586779005463714,0.9866343612151625
0.9209415935159686,1.740348719146061
0.7815397076393351,1.5031933253008687
0.5785631312165309,0.6676558404421409
0.8456591430025091,1.6862051729706447
0.7292875077160738,1.2950687304701647
0.9011352675655107,1.7454045216433554
0.6744120535127589,1.0550810532028736
0.6776360667324064,1.0692158493275425
0.9735275402258595,1.659240637266391
0.9197014657511566,1.741081572686636
0.7491976541789176,1.3784044729661704
0.7757818825570968,1.482195626672116
0.4621887303780724,0.34011837087202174
0.7398275450872388,1.3396537740313983
0.7229298580689849,1.267765856911575
0.6279064947172649,0.8570046009020535
0.8557326135766985,1.704602882125145
0.910862882491429,1.7446935296255766
0.8916918105255062,1.7428405450029405
0.7089766551909289,1.207065773018345
0.5905849869239503,0.7112738366928738
0.8260266895094747,1.641516523651954
0.6077335963996935,0.7764051729690488
0.8633351523148849,1.7163323229711582
0.9550685876637981,1.6986038771786884
0.8413725993831688,1.6774200359960334
0.9752340711291131,1.6550367070261292
0.9958400510439529,1.5971577688449585
0.7185465723718631,1.2487972825671516
0.9828878954718383,1.6350495950365642
0.7081392350450944,1.2033975842968276
0.838125491398499,1.6703957525059647
0.8565076827991813,1.705884810976588
0.40255925890175637,0.23369685098148973
0.5356683646679126,0.5268197628243197
0.916932769104293,1.7425170470660583
0.60826405044825,0.7784717342941826
0.8891464495879712,1.7416052710387682
0.6626362341670105,1.0037526112526824
0.5910908977996574,0.7131472371486101
0.9533131513543149,1.701749979528354
0.7211404558201304,1.2600352126436005
0.9253780854418112,1.7372721200537045
0.9254933874751219,1.7371826917671696
0.8595607290093789,1.7107450994836815
0.5804759687039807,0.6744790275779388
0.9623558749948331,1.6844210410844798
0.7999801997860851,1.566070351878451
0.6798392484883047,1.0788899497510145
0.8108029909846322,1.599481309405602
0.871189603134737,1.7264393006079928
0.9906291653115242,1.6130008283949542
0.8199053742064707,1.6253471862544355
0.6437721838616086,0.9229858707803917
0.5452297860896471,0.5561583228438763
0.9827435408512417,1.6354434545448597
0.9630492120730643,1.682978302275164
0.29422245748238585,0.11480867914668183
0.8275341135162675,1.645341254216359
0.8959710613826275,1.7443976896566658
0.6785777787216039,1.0733495343740522
0.9674414974517098,1.6734668482694113
0.7593813255452474,1.4193579388348752
0.9234035634721199,1.7387291468944632
0.8378898066794055,1.66987367823487
0.9993902117638829,1.585917011390613
0.6989434640707082,1.1630015105859515
0.8610153254895331,1.712953813025499
0.8787958706609239,1.7342304199294372
0.5965250803562444,0.7334580197586089
0.8236200347239517,1.6352804736719055
0.6458394378005461,0.93172669738625
0.8371267336986788,1.6681720957182664
0.8120227371349297,1.6030696147801304
0.7675323724498971,1.4511140339937434
0.9897561859343798,1.6155772238610338
0.9694957490816757,1.6687998742056556
0.7362393254972359,1.3245821921691516
0.8797481565221794,1.7350653662873132
0.6918495284890116,1.1317562766508273
0.6560997872639849,0.97552907953952
0.5057353947498713,0.44263224946059304
0.9923068239024404,1.6079865055131846
0.353046124747272,0.1695473546876135
0.9385201287972019,1.7240057668712112
0.578676404497485,0.6680586413053293
0.747454613443682,1.3712678061515307
0.8927070526069862,1.743269035039175
0.7257994131158187,1.2801223807124888
0.61590710429211,0.8085748137349489
0.7589520979575737,1.417659156581405
0.9769446429872888,1.6507296096878052
0.6928722257974668,1.1362622484600007
0.981002651078875,1.640142648243684
0.7054183828827012,1.1914651962190534
0.8701507564393678,1.7252217163941308
0.7938050671653551,1.545805373827895
0.9716901908492128,1.6636622179687481
0.863076875359877,1.7159649715770111
0.9216890921467158,1.7398801349786035
0.9094930144120337,1.7450003758824937
0.7860338573633929,1.5191541481547761
0.9232529107153156,1.738834539250957
0.9612019682744296,1.6867864393292915
0.986474250777061,1.6250598014899962
0.7439663200924564,1.3568841349171028
0.15960048274187866,0.04553444961043794
0.17000370870893453,0.0489911769015656
0.6321985480862987,0.8746490607334504
0.30850457442609447,0.12630827251635166
0.6018599111827555,0.7537256614871493
0.9092631975543575,1.7450452077447502
0.758200456754444,1.4146782462353729
0.13147342792051303,0.03729889406529525
0.8685567317590297,1.723282402241811
0.5506802966200679,0.5734148719984696
0.915641422675936,1.743091728509872
0.3734044213747204,0.19362904469449477
0.9529020547731355,1.7024714412444344
0.3285847143334245,0.14432648958703542
0.7471065371950422,1.3698385278041931
0.7452710401398821,1.3622794394984863
0.8981211913534255,1.7449331053486266
0.13371403490670553,0.037900009062155744
0.857879676381506,1.708106415166051
0.7431661485215568,1.353566403015797
0.4000349977518082,0.22994638609590337
0.9364249000012197,1.7265346423388535
0.876213809844697,1.731808544155312
0.6495378401211752,0.9474380234890964
0.7464860301473333,1.3672872431073189
0.9040282494203817,1.7455497229728514
0.16135263630068142,0.04610010848664009
0.923100405861633,1.73894039276727
0.8646323673432286,1.7181439067911988
0.9060396222906464,1.7454729181571418
0.9739949505992571,1.6580984767593776
0.9711391373438153,1.6649670629724538
0.26571961481587003,0.09475210820453796
0.8553564506684979,1.7039737502981709
0.9214486456506028,1.7400330663200867
0.6686397521518748,1.0298539879228932
0.7345370500362924,1.3173918866697347
0.9888986929625034,1.6180858915322214
0.9460862159032992,1.7135799633736415
0.7043187603700716,1.1866372688079898
0.7906037680707461,1.534976782287192
0.6738846604938458,1.0527716189755567
0.6745208838943109,1.0555577202071946
0.9304089498247703,1.7329250138792263
0.9144256989072417,1.7435776112414072
0.23030655313626244,0.07443569791474824
0.9507149751472872,1.7062116611739317
0.49412695903458104,0.4130544921931295
0.7205021372662812,1.257273095556261
0.776088334020027,1.4833281335415918
0.9831452154830487,1.6343459285286812
0.7040832619416268,1.185602935000392
0.6530443071002321,0.9624163191710271
0.4051034164788373,0.23753369837463287
0.9102418600185034,1.7448410451999736
0.992240927454046,1.6081850210633726
0.6288593675831007,0.8609078509162968
0.8333205358789848,1.659429699112163
0.8778426639267263,1.733363183059841
0.8262014263396135,1.6419631018705343
0.6833886889947999,1.0944957930500185
0.9402166031259764,1.721843941882628
0.8721735572800642,1.7275587407055297
0.5300134332946258,0.51002795467716
0.6768899930859992,1.065942450827427
0.9134017693660934,1.7439453484360596
0.6504295838471654,0.9512398424308822
0.7353782322505819,1.320948109958127
0.6973525875209791,1.1559978048408655
0.9555398920917983,1.6977412083836805
0.7929891995089721,1.5430661103446268
0.6299536874873027,0.8654004325626408
0.7337073266060193,1.3138782562695088
0.9243013239885772,1.7380841140233305
0.815370405701525,1.6127258171660963
0.8225788529924356,1.6325336847835994
0.862954116409191,1.715789595304968
0.3328801871039753,0.14848322121817165
0.7834758591447468,1.5101169349997723
0.6288765310642234,0.8609782316695264
0.8531294491438144,1.700156137416426
0.5228992214131164,0.4894927782346865
0.8399762052126007,1.6744379459188212
0.8375024702734523,1.6690121034552656
0.9098555466051663,1.7449257724499714
0.8610187434962704,1.7129589213250127
0.628361637668386,0.8588679921028057
0.7878597786318885,1.5255265169717271
0.5841969266067786,0.6878797045356366
0.605285694355375,0.7669076802355679
0.9979693415817559,1.590458686371687
0.9534421356700935,1.7015224170421988
0.9102758005035353,1.7448333433942875
0.3505049543070702,0.16674646572274046
0.897171489154881,1.744717029705495
0.5502654569116677,0.5720879176088429
0.5789340583771615,0.6689754482451583
0.2704957598948298,0.09786374196491486
0.6172590321613047,0.8139616801227463
0.7432174405755103,1.353779272907194
0.9357512253533891,1.7273145441700097
0.5869258907109559,0.697814098583119
0.25988227698801813,0.09107624139105756
0.7716507870769023,1.4667716366289547
0.5377316948335356,0.533050248429049
0.9231364096067747,1.7389154783068326
0.1741168309504485,0.050424805220441536
0.7543499599864494,1.3992893529630324
0.67351419199938,1.0511498542732522
0.5658635647784228,0.6235083546211623
0.6435715242162867,0.9221390621522862
0.8918263093371959,1.7428994182730924
0.752976219207342,1.393752709188902
0.5066087289286907,0.4449258898556985
0.7060336706208998,1.194165327354771
0.8880233363535489,1.7409872183023447
0.9600287429191403,1.6891455322401756
0.9350747194218572,1.728081438256666
0.7723682714082533,1.4694711453894054
0.9561920493021326,1.6965349800660587
0.8155562966744017,1.6132536578120404
0.7509480433846458,1.3855357365831178
0.9422026936913235,1.7191835852887667
0.7553243930703052,1.403202113145284
0.6601928622705469,0.993176657172027
0.8901722578550715,1.7421307514660522
0.9915069155339045,1.6103876566679967
0.8503431963884849,1.6951575357590332
0.6863701458924518,1.1076190536586512
0.846421602653898,1.6877088617383236
0.9983034455052533,1.5893958675046087
0.9343092230941612,1.7289295126066795
0.3151634212501695,0.1320339456594792
0.8876748037409725,1.7407863523628941
0.6497533417513759,0.9483563121332291
0.9112658966981689,1.7445903357988872
0.9240215729298783,1.7382882321183513
0.9350032037151924,1.7281615547772124
0.8538253215344209,1.7013660687037775
0.6623712765441716,1.0026043585811497
0.58492693945065,0.6905284456191838
0.8162964844066147,1.61534662287286
0.6179375727722546,0.8166722383676996
0.8015183441243504,1.570985996211035
0.6964148964481597,1.1518684691600043
0.4322953045154209,0.28228966201308875
0.9859864927128748,1.6264414496766204
0.6558961621005459,0.9746535285138512
0.8648853460230395,1.7184906784240264
0.815020320421578,1.6117293396876138
0.8143890559601101,1.6099246033005665
0.5479546889688345,0.5647372686962849
0.7701094086202558,1.4609435693221076
0.7045123143958167,1.1874872829366434
0.9330067120090499,1.7303244016825396
0.6969065451050285,1.1540336554237762
0.8047777945189418,1.5812226663429836
0.6004749565886873,0.7484333226180166
0.8811786681848166,1.736260374134941
0.9144696190642234,1.7435609890578592
0.7872846854577307,1.5235266218055308
0.8913055403514825,1.7426678899448222
0.8822775746305582,1.7371299344310294
0.8165239871633262,1.615987075005453
0.9017900955189588,1.7454637696725142
0.6411818221328289,0.9120769232466875
0.8755724559176703,1.7311713149021333
0.931287932788498,1.7320721456463168
0.9483823148965813,1.7100182000961184
0.46220962825849926,0.34016220300963407
0.5142269761266351,0.4653445747868864
0.9231223369420329,1.7389252221107712
0.7836906477698304,1.5108806258061058
0.3653535446795052,0.18374716802616242
0.7724418083993008,1.4697473414291735
0.8640229030194126,1.7172997384127118
0.9995822947847575,1.5852986862749887
0.9733736299375475,1.6596151958579057
0.7212542917058837,1.260527560825543
0.9125040508117804,1.7442365470762928
0.961003401570171,1.6871889712551362
0.9865935546213371,1.6247207603787317
0.6840874457578718,1.0975704486958835
0.8933528529881025,1.743522504399794
0.7892094398693188,1.5301938714120495
0.8626024758261445,1.7152844744628768
0.9603615561161571,1.6884810325432744
0.92309400909551,1.7389448144100306
0.6573162909404875,0.9807646623372793
0.8547112895331246,1.7028841310392686
0.9204417173295214,1.740650809191844
0.970901549837999,1.6655266106146007
0.5676688367452466,0.6296605158802799
0.9878055895242897,1.6212520462468418
0.22844851641687586,0.07349283412765227
0.9992609213623043,1.5863326220506722
0.7071362166067978,1.1990012235893415
0.8532151291970336,1.7003059451688944
0.9115329370211878,1.7445187226649668
0.7935490643047449,1.5449473695464901
0.7508340597071135,1.3850724610362741
0.94618004161521,1.7134380299160201
0.987309049809256,1.6226784359556956
0.787575795760223,1.524539788470645
0.6978350420416866,1.1581220719201588
0.8757857526269432,1.731384810887771
0.7241210735913222,1.2729016044402712
0.8011363469834959,1.5697702274680116
0.7049713846223691,1.1895029882525447
0.3396385222820726,0.15525203751128422
0.9503968452820202,1.7067419248654245
0.7211581749495828,1.2601118539278784
0.6968179834562735,1.1536436517683113
0.25426072850949155,0.0876641990156202
0.9630346908710392,1.6830086837549378
0.9062697219734686,1.7454548267924361
0.8548912902591441,1.7031894800453005
0.8585627713498203,1.7091897454347624
0.9157011025695013,1.7430664993464828
0.8747692231882174,1.7303532999638565
0.8553559980247407,1.703972990510457
0.7645855548842244,1.439747020375831
0.7056141278736769,1.1923243096028489
0.9926372516830368,1.6069891646348795
0.9614251916017906,1.686332340767225
0.6344415165946293,0.8839327804304791
0.5497063305931751,0.5703029611487533
0.7518174240641763,1.3890641007265176
0.5338200414831081,0.5212855728148127
0.9450807114568537,1.7150816611010482
0.6355899292675358,0.888702304981176
0.9365309837395082,1.7264103571505187
0.7796518114385553,1.496374789894487
0.907297524710533,1.7453506769233311
0.6911426907757557,1.1286419632940055
0.7157220882762922,1.236521310706752
0.8646334536194723,1.7181454003633327
0.7167562906801914,1.2410206747006423
0.9628504008510483,1.6833936456922776
0.6644085254650794,1.011441642002853
0.813243605937257,1.6066239868961003
0.9316705959269993,1.7316921937466503
0.679490295735599,1.077356994548796
0.9769865156665756,1.650623012988795
0.8772052119176258,1.7327656835213827
0.8768347173381259,1.7324119605563308
0.8556646228044518,1.7044895048054176
0.7428655866644587,1.3523184818133818
0.3683209330966645,0.187333344862376
0.8496025330507776,1.6937875371504234
0.6879566946526585,1.1146062403254657
0.9174104881640105,1.7422891610693576
0.8238124785497907,1.6357849496703012
0.8983489487285676,1.7449801179611213
0.7464865654153081,1.3672894457572653
0.9904220827707703,1.6136140251271411
0.8818073399244292,1.7367629986775917
0.9301309221484435,1.7331890094434337
0.9783914794572042,1.6470142471352018
0.7089216059188319,1.206824705933752
0.5323357190961693,0.5168734441718459
0.9131179284528,1.7440405720194792
0.6426327418045572,0.9181811758906563
0.664724692334496,1.0128148230704606
0.6995934345409633,1.1658620571141183
0.990504109816875,1.6133712846112118
0.868774252534119,1.7235520965373536
0.9650734602430913,1.6786743277558336
0.9519235837751943,1.7041651940691873
0.6813960230248693,1.085731857224542
0.8307527236067194,1.653295031744575
0.9108458945866684,1.7446977504308072
0.966699662569338,1.6751181202832248
0.4458985673135766,0.3074221745009231
0.9744598199002807,1.6569555775236542
0.9986062946248672,1.5884297528488758
0.9948005686507393,1.600381075072168
0.8806711906717998,1.7358445945143046
0.9465842766197161,1.712823006145562
0.9077990325032859,1.7452860078994117
0.8964427069743084,1.7445293087776554
0.9852067297689773,1.6286352660894996
0.9905818192157236,1.613141137730356
0.6594016235094795,0.9897582413552809
0.6325837406515227,0.8762403692810864
0.5239334567374714,0.4924373675047742
0.8639818204398304,1.7172423909096841
0.9685832954978579,1.6708899159373922
0.7747966171525227,1.478543461122981
0.9277627285469027,1.735325102831478
0.8263449486274873,1.6423292735121426
0.9940101332403146,1.6028112803952654
0.9120317608015753,1.7443780414430796
0.743806458986382,1.3562218389132983
0.47602943989366653,0.37024432878465807
0.9485008615870324,1.7098293135261668
0.7096864381381169,1.210173113516275
0.8088595356916808,1.5936880146680068
0.9588567700154755,1.691455721101374
0.9915255055971479,1.6103320664551761
0.9432093572450331,1.7177819816693018
0.7926906382049522,1.54206017313285
0.8404911346876629,1.6755444273741114
0.8642810827325567,1.7176588502970525
0.6068883899355588,0.7731186061662363
0.315881907842014,0.1326661751813681
0.8463250026228505,1.687519344325932
0.9467384057997008,1.7125870008316155
0.855383145136081,1.7040185467946976
0.6722852683410431,1.0457731936869374
0.9461865168662151,1.7134282232071245
0.5353502899844909,0.5258642264520913
0.938970068403508,1.7234423535271035
0.504480370375327,0.4393530496103404
0.7257283583288014,1.27981704923299
0.7245883033184142,1.2749135930294835
0.684873266264124,1.1010289895137149
0.9104397623261145,1.7447955503150168
0.5704141200475299,0.6390950817823146
0.9995821945586834,1.5852990091770849
0.8858059163002456,1.7396361639920326
0.7840046474685587,1.5119954752193845
0.9528566416622637,1.7025507828270974
0.7690358637578107,1.4568616284089106
0.9959764757038936,1.5967324310477509
0.774264310564846,1.4765633445734
0.537498405398821,0.5323430224945273
0.9845887418660193,1.6303608036236947
0.9329549537518687,1.7303785771751137
0.6493670815460177,0.9467106071966859
0.7932776463281542,1.5440361797752309
0.7821280010449712,1.5053045246794694
0.9484142253442787,1.7099674036795798
0.9792413050406672,1.6448012439851734
0.9888035095359621,1.6183630082360854
0.6850051571464517,1.1016095418924692
0.8076023069735696,1.5898911783072582
0.9009412568856986,1.7453840059857002
0.23591800470246038,0.07735325454683152
0.8628522908273921,1.7156437465982128
0.5836802919786619,0.6860090577829453
0.9014393617350583,1.7454339541854234
0.7968233142599819,1.5558149247731863
0.8462008214387988,1.6872752925186325
0.917875583791225,1.7420593647545521
0.76677261028874,1.4481961019358782
0.9347313633844887,1.7284644218626164
0.4823732488513731,0.3848013897254839
0.9231742247891657,1.738889259948525
0.9412518818904037,1.7204745897582934
0.5015955416434195,0.4318906271180155
0.5906546862783708,0.7115317565677414
0.7686769535720435,1.4554928263552358
0.9478347657396258,1.710884283569163
0.9951595964888802,1.5992712853820317
0.760968162613487,1.4256159913688797
0.8268419447047982,1.6435928656795618
