5.931695181798896,0.10801892944904913
4.757485205625569,0.10681613088813043
11.711702838275666,0.043370888655402035
6.677187688555399,0.11118954083035755
4.754649119247693,0.10652623874519741
12.211000467720497,0.04186732881940787
5.882633176940335,0.1074612709206938
21.29256269817043,0.00967859100391104
4.517047887395296,0.09075970251215422
13.82651335835645,0.03023205998379537
8.977310906658463,0.07616111402418069
6.963881217551643,0.11238392281424019
4.614206329459817,0.09422740011340389
7.800388977232197,0.08355839061496712
6.660564819606004,0.11050431252723592
20.300385859194655,0.015709450754712317
12.144876366304299,0.044290496357427565
17.561249729851887,0.028844450287835645
12.367643388250077,0.03589599159978131
11.078746276434726,0.05566243586684169
3.637914597091478,0.06123972808265591
6.400864338212385,0.10890550192947253
10.773191458306394,0.05139825445483802
7.182161865337357,0.10554531259017529
10.116575977117373,0.05571396306231576
8.122552480171649,0.0735675058474826
8.445387600004805,0.09869768499777731
12.869061445269418,0.03131843639298532
12.266619366188719,0.039632425991574426
9.097694954173107,0.07479848513629034
6.576275883143647,0.10762448593696931
4.8890604337045716,0.11908426475209302
10.233950686028743,0.05379538707566707
5.409795240624974,0.13646859779692344
15.960434910767466,0.020330905991759095
4.3844258981127515,0.09212379623063942
5.712277776674299,0.11418798813626206
8.462157711262556,0.09913009851368618
10.746871073455175,0.050965988231931506
10.637429706605866,0.049147460623453584
6.4587607086985805,0.10732153851951039
4.255544564200358,0.09358572244754647
5.126648867492331,0.13159861751615043
15.595941961113091,0.030464992651586992
15.375880273879456,0.03183647528257362
3.524861955935989,0.056066927339916486
17.193926700463045,0.016677065132516444
3.666494565587084,0.06242399916574684
17.7583672070695,0.027844717909190533
6.316823932882335,0.11212948083590195
9.977225206829164,0.05542706101732387
5.802670558483695,0.10895979178788497
15.170667490221158,0.032878230076975365
17.399139529398532,0.025410160873996106
16.57884153418936,0.014736507754227
22.30143326327602,0.00840617055990137
11.941660026124113,0.0475026283887923
10.227152176072423,0.053955635861926074
22.552757773934317,0.009243978321543734
3.8867766133566444,0.07298790304406298
5.56124669267151,0.12710202617585303
7.004720371909597,0.11069400013033746
6.568060251500909,0.1074399345247092
12.549486423702506,0.03279502475251005
2.7349112388196706,0.01773449184868434
3.35582439545395,0.04861560979284097
7.538106087037767,0.09790122297727787
3.6991853282531473,0.0637401205911526
9.251480832478103,0.07622143351888058
6.553103816911391,0.10716250655298105
6.636796509749766,0.10955818503725817
7.5104747510327,0.09904833241294742
4.20888031688942,0.09293235694012082
8.776190151360785,0.08583703383964017
4.09201869614944,0.08780114977909313
5.321563382053386,0.13752613792221166
10.787868611850943,0.05163379873362595
8.454252815244802,0.09894831939769282
17.214628229400535,0.01751256553532929
21.094299090012967,0.012438891500962062
9.330742232474405,0.07565459661786712
5.524652968098841,0.13005579734276726
5.433493758828913,0.13558804905267918
5.587582265140381,0.12482683757479368
20.257812749613937,0.016058298366306706
11.127132320720147,0.055560536212190835
11.121756768091998,0.05559943404752269
7.4191822456705045,0.10225032338065962
2.8877412598317322,0.027251547716405804
14.577782627929293,0.023598563067742
5.338075761924841,0.13758370688479749
7.085509150799455,0.10762069360844971
6.511502447719464,0.10682034299448916
4.8464699918320715,0.1155228749957962
3.840207065849173,0.07016458263830462
6.371629074567509,0.109978671537016
9.886156036168181,0.05458065382340542
6.741051487206874,0.11365828595449708
15.46722289448902,0.03137635584136432
11.5836286690369,0.0415417268816023
7.3882554284377555,0.10306145517075108
20.830647492627467,0.013657522759506753
8.132201508685439,0.07406281655259964
11.8619124002473,0.04669775353061367
5.197626181784304,0.13442418842311976
4.43552329590945,0.09112864033400513
17.762250241372932,0.027792074130108278
21.26206251027166,0.009968504221791352
6.014735912889428,0.11069047430018183
13.207439301576317,0.028760712354337005
6.719689901551373,0.11289581406537287
22.090859679853224,0.008991356606112404
18.853085075374413,0.015556981907666361
8.978573618909712,0.07612684121741091
5.355270007750553,0.13752421462348094
15.6795325661332,0.028942882984239224
5.960032060000907,0.1087506549201659
5.778206157447296,0.11003810177975147
8.806581257065563,0.08397418528646354
5.75572876382969,0.11126400668053177
17.869344456221828,0.02595834731073136
10.427890257653148,0.04896890925718075
7.588272033404191,0.09566647189858561
9.437774112432068,0.07153510408415151
8.506173232842281,0.09943551483635121
7.969427447732608,0.0732177860812159
13.119772033105482,0.028799671841477047
14.703824146462898,0.025391943328964044
29.381481606122485,0.0035209549767229614
6.735017226206476,0.11345263421603692
10.942564199248919,0.0540584986331135
7.601752954224671,0.09503387195754603
16.488001838940317,0.014515361725948932
5.241629866492215,0.13593546164856046
8.457167801482518,0.09901992693139114
11.865082177582137,0.046748629868643296
26.072501286465528,0.0005609488781074634
20.164461900791967,0.017014440366526412
5.956919495700129,0.10865843497235417
5.896270325331236,0.10751326484689877
7.683452858164101,0.09085269798134764
10.4564555920219,0.048549409372717504
7.665691050989951,0.09181953394585128
6.963928485437817,0.11238204006432512
8.6758725815818,0.09229937435628346
12.482010580859079,0.03333023869702221
19.89895001949161,0.020867239895150016
7.649027830114733,0.0926950311028206
4.971043369293231,0.12449016205299644
14.559537487188567,0.023311189327037084
10.878247642525036,0.05304037954807915
9.326784210844975,0.0757308066853794
6.237153613299391,0.11455536653624013
15.196362613797659,0.0328512231417047
4.0196810966098075,0.08273110892865837
5.1515700344135045,0.132618662257668
11.398573202565473,0.04573104315455678
23.58712711781773,0.011859421078617522
5.898247088133672,0.1075277345740061
9.706040789857948,0.05628042018996215
4.770844453564075,0.10818096128688766
8.036112011825802,0.07167655481980059
12.263913997389034,0.03974154042181108
8.455640422951866,0.09898307337013264
8.411257204874413,0.09727690544505177
4.8423942759180525,0.11515604957070182
8.181465938366841,0.0773771396499302
7.436320418834385,0.10173428603948614
6.925794431615058,0.11377759558161002
8.971523741835256,0.0763235305940552
4.688734096700782,0.10002980165492098
15.745413704582765,0.02706901651111004
13.567353155450382,0.033388233691238084
7.597257435066501,0.0952463886956546
10.402803845496791,0.04944578973342032
5.136444536832375,0.13200171495268895
9.580615821163372,0.06243813045902247
7.670703613766363,0.09155030943772802
10.798153600382193,0.051796729217780925
4.098815419041207,0.08822135835426734
6.550091895296321,0.10711615190076598
20.86777648881761,0.013752883507708327
19.682165014504804,0.021160744685827942
18.65926869983606,0.014514602701136269
8.394721522591439,0.09633832205482173
7.378111198815667,0.10329232068321495
5.841149171598269,0.10784573346743187
19.200964152598008,0.011252818746714532
13.398433403106338,0.03025861900482593
11.86682804176173,0.04677606218377168
10.971934887016603,0.0545174770683448
17.449247463948716,0.02698341390938766
10.55298723795043,0.048232802227739804
12.770383155344842,0.032419699055251446
5.8871673456436335,0.1074691574212424
5.333712250134005,0.13757913273216818
2.791552159335949,0.02111294455446393
5.617650785120273,0.12215622279522553
10.236334458160757,0.05373812370789392
3.1598461830712568,0.04172843896148754
13.595155510992115,0.033818546363203764
6.614393794614689,0.10874192621908044
5.480716612060631,0.13310969121125424
17.82007304904994,0.02689823471831552
7.875638525455693,0.07841290277515157
21.222077459336298,0.01045924628182562
9.75757874017048,0.054997702878069175
10.143478316125622,0.055453165269046735
5.1755803130242795,0.13357800389314345
5.064547538350449,0.12898512158132322
7.8915950741906915,0.0773748434131041
12.545704144904644,0.03280960696069118
6.387075011936487,0.10939652483006504
6.181256211283266,0.11508846401464394
4.738568584440081,0.10488819341518595
10.462570085890421,0.04847826816939174
8.814662305064127,0.08349495754761949
6.2013982812539306,0.11503189114802992
11.84312372645231,0.04636930789727606
6.357412351842318,0.11053404888010632
5.6073267060401175,0.12307701378190014
5.276658731483743,0.13686515262421514
5.263235449673118,0.1365451298103905
17.502437246138,0.02815315427546536
7.6696541011786135,0.09160691028183383
8.189265801368869,0.07800786380428992
8.06348337197598,0.07177314488871382
6.9841853268261165,0.11155452835779608
24.12026964360015,0.006654420092196057
7.378393354928106,0.10328613748206075
9.504058899397231,0.06746043081983516
8.978961433489717,0.07611639929220267
5.41769480084247,0.13620327949880334
5.74472202767952,0.11194006088481133
19.776818873224947,0.021920741098845103
11.3242990958688,0.04923531261085723
6.839080635689182,0.11535674948980174
12.301744577776363,0.03823976897890528
7.357661623321299,0.10370438298737288
15.334355788723352,0.03210277758318038
10.915179614169285,0.053622591648827475
14.74740567772836,0.026114844270975286
3.44282095852077,0.05219705509480319
15.139248799822663,0.03283071589709933
8.34852663355964,0.09296021851759034
16.697250308826035,0.014468562959035045
14.084244750602542,0.01590814703374393
5.826726480113234,0.10817783054587697
8.510205421802066,0.09940565595087388
10.133024456663865,0.0555681467186916
10.470284307112953,0.04839828642797039
12.1868638844363,0.04279819894648114
9.823762207267755,0.05438057050409132
10.424376340259506,0.04902994749786924
15.629778910568957,0.029968757939446228
7.588257905510273,0.09566712756038695
12.20911832242648,0.041941296540581076
11.127750651924224,0.05555558684651367
5.590152040914949,0.12460056719122456
5.822515231811826,0.10829424590560445
8.16987674534474,0.07648878129341907
11.124343025042359,0.05558164074046298
13.859158479567615,0.028484327177199176
9.583839652878185,0.062236802220676464
17.504629423059196,0.028190001367632066
7.690325779936956,0.09046873427611825
8.499859999430093,0.09946340677813051
3.339532820906356,0.04801866729722959
9.107634330684345,0.07484267007760993
9.677634264210917,0.05731667363485412
8.231893254656736,0.081829854314109
8.13678423582078,0.07431689943777305
9.128651380778333,0.07499259611278339
8.02165166771271,0.07180672552227
7.097918568475527,0.1072445112392054
8.299003070552418,0.0884324061239184
15.548089592364066,0.030934605062973655
10.635249263576844,0.049114854098769055
4.984071749550817,0.12519550798762552
3.1939526680749997,0.04301459212779203
12.376761638920748,0.03561360871102318
7.96675874592914,0.07332526252474904
5.732501988232997,0.112744331240622
20.948514360809043,0.013767757614644518
5.248814174344498,0.1361499631459646
6.215036158476295,0.11490528093146153
4.046534744486227,0.08471502062910702
20.41203902008976,0.014956802252469557
8.17345690852095,0.0767567109636039
9.048329560648448,0.07490158688963956
8.499125289959391,0.0994651397218839
6.862391198874429,0.11520835608530669
16.870035350928564,0.01287472163029111
11.8024931020101,0.04552721430366283
6.0599320694783785,0.11244045820172259
14.564743122352859,0.02339532591330609
14.775136534300024,0.026630881746339406
11.013635413601476,0.05510759220314852
6.726482716157236,0.11314819271486795
5.03373637985027,0.12762052866053977
8.036964535923834,0.0716727108238803
5.56406182915935,0.12686350392344406
7.3731821915517575,0.10339813862130581
7.017782411815934,0.11014895034324722
9.36779397455987,0.0746694064596658
9.316045101838819,0.0759099735526089
11.031349223382497,0.055315937592862394
13.729526908142603,0.03366703983561539
10.13383690205607,0.05555983018497583
6.999096060603166,0.11093012524219564
7.692275324348622,0.09035879054588256
5.420983585328583,0.13608446269271418
3.025250902269688,0.035484271952708764
2.411010331477865,0.005595546984675938
5.152013081410553,0.13263661350349956
17.45815832699796,0.02721633595877593
4.67781082420364,0.09904412229446634
4.763729649205452,0.10745449468052803
5.979660288662302,0.10938717739509297
6.62067629035231,0.10896114407034657
25.36958499142122,0.009668918531739025
5.301048969643791,0.13730949680484805
8.352180260565266,0.0932629269824112
3.967298060501715,0.07874085992405427
14.388291787407537,0.019141764777894248
7.124259248364271,0.10655597224826081
8.220830773498001,0.08078732428927028
9.164781809604001,0.07537576949164557
5.93625728214519,0.10811915826598423
8.047377156054582,0.07166094118898794
10.16558475080035,0.0551538975920618
3.8615476374364555,0.07140482643833335
8.837962679044793,0.08215824535020652
6.060833144098127,0.11247388567570835
9.851450965955094,0.054397891784129404
6.025987201512122,0.11113070400080732
10.225681290622175,0.0539896859214456
8.793494285799975,0.08476541856951988
10.675600396839577,0.049758515199439905
18.286088242390885,0.011166992391091634
13.414240903675054,0.030505678124639366
16.95972063323179,0.01234754832236011
4.637690334560951,0.09579822265603978
12.999744539116865,0.029588547444995734
17.65700065236194,0.02884729607278724
2.859785955463872,0.025454149828359342
8.157961040319623,0.07564141184701419
7.576494975695338,0.0962078536527372
9.867652608910086,0.054464480081776026
14.354105875813094,0.01804047786854806
4.1275454139469865,0.08985102501849208
9.804009561776137,0.054457848246415336
7.455390799079918,0.10110894237860553
6.518966294623839,0.10683356622238398
6.357702670684343,0.1105225899289402
10.765851590087056,0.05127900006252864
25.09414835916247,0.0070812515975448714
21.76171146539876,0.0071592938764710725
10.714696149246777,0.05042260361733772
8.173282832129509,0.07674354618111168
4.159046672606765,0.09133040372075826
2.9334759833746,0.030139710704526028
4.982610238197891,0.12511808400926172
16.037962088697395,0.018752700641487777
8.570474383380546,0.09794725066723838
6.454547971777923,0.10740414781347392
6.454203562401836,0.10741115872532654
5.961583598110443,0.10879759437950672
3.431259578334466,0.0516820587032683
16.592747775810466,0.014749117802491744
12.567517857701604,0.032744957908874904
5.623078189709198,0.12167217065307125
11.057833181528427,0.05555415508073038
5.845436899768036,0.10776692211589689
3.9866197068284275,0.0802143350079185
4.177160925781532,0.09202069802206661
4.928970883839518,0.12194428048596839
5.338144785949456,0.1375837164932902
20.319865049318253,0.015564426161111025
7.316786950982238,0.10432646986793867
5.828234744712567,0.10813826942248932
5.147382815640202,0.1324486397084811
8.489703219003331,0.09945895352882829
4.518852318047398,0.09078033731731468
4.045615670650177,0.08464863815975286
15.821909270920013,0.02447281699880245
5.086150797820948,0.12990797589665934
2.1779250932002614,0.0014895695318778478
8.781094945912278,0.08553061411657362
14.607577741290822,0.024031856374653243
3.977306494274782,0.07950265981685457
12.200578917946729,0.04227421915631477
3.5179299014396057,0.055733113888890906
7.791600021012467,0.08415534969423047
15.019309219151301,0.031711551256338864
16.216888563569185,0.015969912033805635
3.851393022622103,0.0708033126143267
3.1755450642889,0.042332656622365565
15.438389723627857,0.03150606856336405
18.34426746644234,0.010313341326091524
3.82253260051556,0.06920537034050295
8.347088505316519,0.09283961823738784
7.809666406961715,0.08292344123858512
11.610965881003652,0.04167726410277401
7.2863502774777285,0.10464615491671174
8.720721706589426,0.08940171613939249
8.728850316674357,0.08887237273581382
10.293743105825158,0.05223591919870602
5.072864550875303,0.12934284462523096
10.88078086179513,0.05307994656150697
5.506844510331233,0.13136903345804482
15.319839622879329,0.03220091853763214
3.901698804057059,0.07398129400171366
4.996611927544995,0.12584354039049273
4.099303189903725,0.0882510365608709
8.42935673467348,0.09811949348005207
5.631898352661101,0.12088719954502442
23.80715771107539,0.011450234919039978
8.972498359519888,0.07629556678433012
5.424490294516267,0.13595238996995843
9.117786501164414,0.07490629408577697
11.374872652142189,0.04680592960982564
10.425586668190153,0.049008701623244506
6.101113239058814,0.11382014914142428
7.230541948700543,0.10508104289605151
10.802274413882484,0.05186157705894594
9.451523732915822,0.0707550004840143
4.265265540242155,0.09362351163913978
22.208844365914537,0.00873862978106931
5.179032367398837,0.13371313748125388
6.834452943143244,0.11535964283021015
5.045214331235124,0.12813755982404598
5.756926757759455,0.11119332335540072
8.166080751363074,0.07621130247365357
12.450534929957895,0.03381683992795286
8.343828440353176,0.09256329178269591
6.224080984696431,0.11478320826500028
15.82396786722999,0.024401860173251442
6.846336417960112,0.11533439619848226
8.5158579715014,0.09934828282659389
15.394567704784356,0.031728196266321194
5.276762278357666,0.1368674263428503
13.13214976046085,0.028769856578260734
4.8596969251518525,0.11668332832829605
6.7992348595246215,0.11509428599169139
17.575363742114355,0.028923952610075382
9.703332668101842,0.05636908411164965
5.26984166607245,0.13670877036651446
21.562983381063763,0.008671306959828267
8.696291377081572,0.09099022039069357
7.888299125175284,0.07758595476752722
5.274789890490584,0.13682358593579697
6.295485334177476,0.11291357413312515
5.239783250026952,0.1358785907740647
14.290061016117951,0.016073646167564806
9.552920676340952,0.06421994822802124
6.301416456627926,0.11270242612850408
3.004723551262195,0.03435694667991287
4.725755953321221,0.10359801750392955
7.143272772265962,0.1061521070516957
4.548592286223276,0.09134739832537835
7.7486766357467,0.08697499263952872
7.247715134063123,0.1049523157356587
5.339306391938265,0.13758358301672302
10.187136171647483,0.0547917813372215
4.31849812510868,0.0933149178679803
9.54431738701382,0.06478729609989237
15.403713300333179,0.03167828543731335
10.338501192103834,0.051008912834248216
9.573577746612207,0.06288267277915606
24.966982633420976,0.005836629561016334
15.686595715296944,0.028768178782030394
6.668650117495286,0.11083657509666375
7.485697879847386,0.10001705128726228
10.316430113194606,0.051610406403909244
11.278391686143046,0.05138173545601977
9.952382029508378,0.055188889585987624
10.52085393711959,0.048149532469421344
4.541651987620132,0.0911755799076398
8.092788699891008,0.07239227468592345
6.2616444316150766,0.11397797903520238
6.7520418212322975,0.114009729292875
22.126965104805848,0.0089958761936674
8.524419714057801,0.09922769348704953
5.441683894168785,0.1352254560887948
15.52555095180313,0.031086455124229546
6.988914521080268,0.11135717852756724
7.214189095595081,0.105214484492738
7.0542325322059325,0.1087029428796448
8.682831820993538,0.09185633169783007
10.136362414478832,0.05553330991584152
21.8164796567032,0.0071359369571141465
8.165625429904628,0.0761784844819301
15.107123051520734,0.03267998989497065
5.691949593478617,0.115761290199372
19.609386705258444,0.01934816615573681
25.621793912343872,0.006670407796685231
16.0085001084546,0.0193003605030676
4.357054659669698,0.09268034392175414
10.615501358072882,0.048835898792036196
16.611237744838864,0.014750050223250948
4.867097740619472,0.1173117664600665
6.898154499774804,0.11456816934818849
3.601946356349604,0.05967624540819254
9.466328432365392,0.06986972917797417
15.80212885978151,0.025157458336481406
4.969642969321858,0.12441223374408784
6.352880145504881,0.11071332649819536
10.745298438039363,0.05093976493638193
4.385151345187905,0.09210862252000371
5.1617246414618325,0.13302801199124945
4.571726703909576,0.0921019132040344
6.341805306650106,0.11115283274736151
19.320664922763207,0.010698606856797136
7.416301331041132,0.10233254607225956
3.826164542649664,0.06939758833569198
19.439390325363426,0.013146424272309743
3.713935853914515,0.06433153172441908
12.021007799632931,0.04716314097793275
8.490829669378343,0.09946248944488664
18.588993506115198,0.01340958358658601
6.480150591868969,0.10699577837547831
8.010261461320884,0.07199329984241644
13.32561022663892,0.029376628633845926
4.259419852555499,0.09360464840379797
11.006964917344254,0.0550211865097136
4.775475604872558,0.1086526996783832
11.104789371273645,0.05567505015484631
23.78364332758223,0.011783206312489455
12.728143396100982,0.03265664028906088
6.379526474363376,0.10967749385785507
4.050213289081666,0.08497941086437814
7.48232684346269,0.10014389251572582
11.701229273785144,0.043134838764255556
5.357568298262709,0.1375066612461108
6.122527472420447,0.11437340313943375
18.028019629472865,0.02128632034554132
9.087866230188435,0.07477425187648122
5.165588050785395,0.13318247091168448
6.91802499095335,0.11402229929832502
7.48467366633604,0.10005572247923061
6.0032857670619215,0.1102493501612513
5.230230136164869,0.13557385134368052
6.120646087431696,0.11433035649346465
9.495919346873691,0.06799372790950557
8.153402218803624,0.075336066752064
5.542241975576982,0.12867355026796765
6.146571861938504,0.11481885340690451
4.960631614595458,0.12390033089662286
4.892240197949154,0.11932918948788512
10.149238267892155,0.05538246606891515
15.68782953708164,0.028736945943546515
17.549579267163498,0.028754666065369378
13.444232635843989,0.031022638851403175
9.264267961343075,0.07625179764098083
22.141504507037645,0.0089723473855956
13.910436603968689,0.025368542867746455
4.053258416667747,0.08519663176689576
8.394857490348985,0.09634667089209244
8.21353207533773,0.08011640553878227
5.2542230868841235,0.13630396567243008
19.174514768532138,0.011661455655942869
7.870132278356401,0.07877934771678588
3.147765409251139,0.04124781028427889
2.9765687364855156,0.03274255642154417
5.1589501669955915,0.1329166271809505
5.417193084188928,0.13622097457783863
7.394055330206866,0.10292155895016342
4.326844019184159,0.09320008839558151
15.131865771189018,0.03280553052185234
18.965954318665563,0.014958069757736253
11.864319818377716,0.0467365190885204
12.790769394996866,0.03224942205421306
3.955085385902632,0.07781894868065484
7.510678594635671,0.0990401135988959
19.424665990914388,0.012687781921189184
7.627022012389005,0.0938085834445806
7.008277562904831,0.11054493532802181
9.28577089962965,0.07620791455071801
3.945633671876937,0.07711372216096433
6.47291939912713,0.10708791602142476
9.272767189144414,0.0762495810922318
9.64318944979716,0.058878298354134696
18.959500746037218,0.015018685550297289
9.43152534732936,0.07187444864238016
7.146108332366687,0.10609832770409186
5.928951382237392,0.10796221609425333
4.459030013882218,0.09080522320778814
11.480901286261313,0.042784337049752645
18.546564100049668,0.012596679226078478
6.208458580000563,0.11497510088590353
7.728702410891921,0.08821830533532893
8.486809972201435,0.09944635643067556
6.064687298611906,0.11261562522496152
10.620155818229144,0.04889874987579786
4.262854814349742,0.0936171301475797
19.666215945050276,0.020852320838162904
11.575521199022162,0.0415364054530771
3.498977457894597,0.05482166479072398
5.7290465562951365,0.11298142983122392
17.877548687367213,0.025783094374779457
5.783983593531506,0.10975858424896583
9.35170503026879,0.07515777633190203
7.687444772034277,0.09063037072946734
8.927318575698061,0.0778405414562014
6.3801601274276045,0.10965362744428098
25.227512157362657,0.008600190240313055
11.886079048529668,0.04704943833471474
4.6241465067253715,0.09485962252997132
8.665137158103462,0.0929741175225552
6.605528618908716,0.10844763680617733
15.254816684767627,0.03261718694354869
5.63475595735015,0.1206336296808606
11.633455348010047,0.04191279267601805
12.100865141287274,0.04560929572431668
7.76238865443232,0.08609446042836964
4.846549628492443,0.11553000023492095
20.095224338997713,0.017905260116663855
7.999245579979644,0.0722410732612443
9.336692836934931,0.0755295642252954
11.862664556674247,0.04670994981105845
14.470141170972447,0.021494198874002203
6.346757457817513,0.11095625171453356
5.669181331870156,0.11763929393227394
5.862650171128555,0.10754199009229837
18.97849065346513,0.014830584450533061
10.818637882290286,0.05211710652729466
11.477538357241224,0.04287374678939837
5.978695547353264,0.10935391543368472
9.295005861207043,0.07614806217894664
12.458839725667021,0.033672257703328275
16.230816532268754,0.015780134408611392
4.318368014746351,0.09331658897066979
7.036350409658141,0.10939361069593642
3.027623333250889,0.035611707516877776
20.663117760198137,0.013581441406033632
21.5533552776836,0.008734439926848962
8.377650348924071,0.09521119879715483
7.4347517710108875,0.10178338650097747
13.759894792526302,0.0329091320832607
5.642075400795621,0.11998656869132635
23.667324500378328,0.012380608849882752
8.149372923815172,0.07507522619243075
13.621693083044981,0.03412427723070172
19.390993438499358,0.011787224644023833
12.363260208363348,0.036035945096412655
6.425050603705304,0.10813566923305674
16.778613261748717,0.013795318901044126
14.582047465790042,0.023662948606755628
3.8773472985602284,0.07238165132041877
13.27621857429268,0.029011505116312744
5.487264238249924,0.13269606962261177
9.106081447720113,0.07483453526243207
10.682518592872844,0.049874763564759894
4.816201011548834,0.11270496828237532
20.303800728199622,0.01568343149992222
5.3527855027298274,0.13754060866639975
7.575486506581636,0.09625373398271846
15.332864881248899,0.03211279763081788
7.868339156358831,0.07889943533013873
10.275780774397852,0.05272504147339251
7.786501345975268,0.0844991795981718
15.746371609861246,0.027038308852404998
10.953275978624328,0.05422786249489437
7.027029041982129,0.1097689862084233
5.39253802848057,0.13694895379778063
9.95429017573418,0.05520776960172302
5.6921760209548795,0.11574317684404582
5.2021842751273635,0.13459333961167402
5.744679614002689,0.11194275685227992
10.679747933529105,0.04982808618139475
8.7506170039922,0.08746275189489285
4.357481855742479,0.09267208605263927
6.946341161022724,0.11306007331333019
6.739871658317167,0.11361874588681649
10.252543119643382,0.053335382228819644
7.075233540059468,0.1079560998870906
7.868917126867598,0.07886068986296815
4.943490070871168,0.12287332342069444
7.346438761440302,0.10390085649668691
21.48885924406356,0.00902914263788503
7.78573950345593,0.08455038186757631
6.233113352185233,0.11463209673917434
23.639236409940683,0.012260843244723242
8.887755188594191,0.07957146287915795
10.947487254577553,0.054136517891932426
6.0151421555057665,0.11070628838444295
8.392805035287626,0.09621955977736742
2.608695544468469,0.01159225465829355
11.600858229364025,0.04160676538037695
3.712509453498763,0.06427418907349379
12.622489794937087,0.0327281444569278
7.681859640590199,0.0909409054523943
5.075290782627459,0.12944657736234416
8.384716950233193,0.09569641953933161
12.55514992011492,0.032775962138609324
11.21067065566766,0.05395676820766297
18.896017331243414,0.015439367995652991
3.474426973769217,0.05365415551238088
18.70928207831321,0.015054786816810677
4.993305274365378,0.12567539430110794
17.2880793121729,0.020757896853767287
5.10493466880564,0.13069709329742402
17.708575080495137,0.028433736212125638
12.903300194629445,0.030834099810849388
5.2648514753277835,0.1365862214304312
5.195239086954706,0.13433470993647476
7.3887662304693045,0.10304936468296623
9.170595920287134,0.07544550013655031
4.234653348477926,0.09339231777303163
14.518512480886914,0.022573360699368435
5.259728736802998,0.1364536715663205
6.515508692683253,0.10682479108664907
19.34116237269244,0.010898481264101263
12.400064508270948,0.03494909939138656
9.936125190541828,0.05502714977975374
7.719154331954031,0.0887953348922645
10.54778537249672,0.048207463057735205
2.8277979800309905,0.023399276866688516
6.352659906291862,0.11072205387328085
6.862254173491223,0.11520987204137084
8.81421906525374,0.08352104667829331
5.821668238807172,0.10831871768202368
5.289809311689445,0.13712823419721543
5.90976580138028,0.10764564890158485
5.114673284355845,0.13110272423777905
5.225515146767331,0.13541736981532349
8.180582227124333,0.07730729432736373
9.240232915393744,0.07616493987614628
6.047500978867634,0.11196989368201149
7.412483617900004,0.1024394412851626
25.487447692947285,0.00905936783298282
3.6886654506056504,0.06331881055897001
9.391832181610596,0.07376973923847796
4.582338383785056,0.09254324320338121
19.615052096630958,0.019523985971574193
18.90797271730275,0.015383623246437637
6.367487403543219,0.11013900922109027
10.15733367263528,0.055274383415773155
10.67731231465877,0.049787183660431666
10.199588175756377,0.05455297813706695
7.966044625875478,0.0733545417985971
13.107527011006995,0.02883775014933944
7.241887838297623,0.1049953982632852
9.261249763804667,0.07624814425834114
10.891801548734772,0.05325272701038415
3.517082405547382,0.055692295375543995
2.89125815592234,0.027476637889001523
8.785403500744875,0.08526313276556977
11.322889444410752,0.04930341493098357
6.557802655595084,0.10724128110948183
7.386861429208192,0.1030942237989904
4.923434082755924,0.12157485566314619
4.134508762323928,0.0902072182858826
7.419260617540667,0.10224806802944274
6.784888060549258,0.11484618491037336
19.221281148522397,0.010989264799591924
16.222720059278085,0.015889602083426338
6.911172519520045,0.11422415632699841
5.3771611259485494,0.13726215994429064
5.495141732697668,0.1321779456103771
20.286406615543616,0.015818827530238548
19.959860420660448,0.019956700833926908
15.14488388212192,0.03284624918260094
13.790921427856182,0.03182811040752862
7.70036669407221,0.08989754274086545
19.16470462062782,0.011827126604308959
8.669079978111538,0.09272768051537192
7.401528562036621,0.10273288977392249
6.457030701110134,0.10735475527887768
6.659490649378699,0.11046042822286904
7.44402316880801,0.10148792340646173
10.397529947944145,0.04955746943227296
10.975211398151115,0.05456725017671011
6.39641497629221,0.10906041499122807
8.824601770151943,0.0829161896348208
7.41245673998138,0.10244018546149783
7.125612381125401,0.10652468421861297
20.52336445917374,0.014276874663706526
7.431934066663619,0.1018706561335804
7.144577179400679,0.10612716546963875
16.039815541628126,0.01871988256355371
8.042136393532122,0.07165869881152213
4.548130985305386,0.09133520944474459
9.149265468449228,0.07519746005715965
4.9243756491569375,0.12163828280510734
17.67795705521908,0.028706952434422367
5.6439947800811465,0.11981758304972233
12.636390810091282,0.03273870830011092
3.738596476412169,0.06533510575081562
9.478925883938473,0.0690857063675094
10.440084911329105,0.04877272472695811
12.608069662583041,0.032719980445241804
12.300596437923511,0.0382842611916716
7.54633608985425,0.09754751446618434
8.212420146142938,0.08001551962728677
3.755685824815167,0.06605296880343241
3.671913627733809,0.06264410519253961
7.484077939771804,0.10007816198994812
5.981294671616815,0.10944393630801541
8.354298829960014,0.09343597172368664
3.0823553626432716,0.03837918041850645
10.478320534335676,0.04832671460984924
9.569265666299293,0.06315814910934239
3.5954109425393717,0.05938259342285157
8.596509039439427,0.09682577626034082
9.631241558494448,0.05949255753188808
19.745733333272437,0.021864467790706
3.906256784435238,0.07429263027747696
18.846101045952654,0.0155644367190423
9.448186291994332,0.07094834611649684
17.494041502967843,0.028003777723093003
17.382772778771592,0.024807522558342756
10.933632678946887,0.053916462124367036
9.643133405569516,0.058881096645906114
5.369654251873862,0.13737609193824285
14.04158915151606,0.017635475632395627
11.555802399300486,0.04159451004895372
15.326642766061557,0.032154790350597394
7.581601038935267,0.09597439970665793
5.734400764265539,0.11261581789478817
13.851369708433612,0.028922411080775513
7.187487589067402,0.10548169039955128
5.394151463147723,0.1369098276702995
16.561823396662522,0.014709284066930086
7.986591418139076,0.07260325490362833
10.164851330547053,0.05516502401108225
4.9013020381194945,0.1200108328190905
10.384990033005256,0.04983714414673901
11.428965265046367,0.044476187204076326
6.921758317187658,0.11390673599257939
9.502644138991677,0.06755349173464956
7.158512840116337,0.10588170894719368
6.541822442455722,0.10700581111759012
9.130486518318191,0.07500882969031998
15.138777926680786,0.03282927422873807
5.715341544297585,0.11396093087501503
6.49391929542172,0.10687321433138916
16.125693626090733,0.017322177217999512
4.606846867261788,0.09379141060251721
8.323785822739287,0.09078343068090398
13.557594726626292,0.033217422716443686
8.780699721503499,0.085555230828394
8.4916495317938,0.09946458247678695
18.151084581785927,0.015968515438443475
6.585615970691978,0.10786035306874288
9.692610430529687,0.0567411655161083
4.619572539040944,0.09456260475982468
6.999955331627953,0.11089403487809509
3.821549869432458,0.06915378531686406
15.661841840109322,0.029349130733710368
22.339086348396368,0.008370309728598648
28.683899772917425,0.00030795763937172465
5.5083664587183385,0.1312605516697902
7.5835078418015245,0.09588672284034391
11.92104819671844,0.047396692795844866
8.37384287879368,0.09493928290751336
14.766256289176699,0.026460820699419383
9.319428518354982,0.0758578406531856
9.33639144339713,0.0755362004262695
4.702786367035999,0.10134821626085543
5.622341205816404,0.12173787156582062
22.07732092921942,0.00896396736456935
5.400797331933397,0.13673608333085874
6.660188852166185,0.11048894439530406
7.881634988881775,0.07801827839848094
5.48766617412944,0.13267016793284295
6.376057210622886,0.10980898599328609
9.96174425524794,0.055280855247902265
10.634501211092957,0.04910374209571663
10.028480865712737,0.05579978588003776
15.501694444044094,0.031216711538057232
9.149727409784923,0.07520253598337097
6.11997399520089,0.11431470612741557
5.936505781637128,0.10812482611226683
9.720259395708329,0.055850097243748995
8.063285288527716,0.07177078959082812
4.119481066126465,0.08941891152252118
17.194764034153813,0.016709819248476837
5.600109834892465,0.1237191401571597
11.251823323337568,0.052502765683697154
5.947465354856318,0.10839521926936639
15.44742591162233,0.03146468760435796
3.3127023671317857,0.047074385409507986
7.816954038683604,0.08242212876267108
10.739459025247935,0.05084203809098326
8.37544361177955,0.09505447790983731
5.584003830544327,0.12514091743556235
5.4050274728434475,0.13661494876027114
7.115141102076483,0.10677718832104578
3.4545788254648326,0.052731408298433424
6.724296966724272,0.1130678928992206
3.3208680703419073,0.0473574007496234
6.93240445105541,0.11355719237930878
5.335388962105259,0.13758181116342488
5.499952458667791,0.13185093626359004
16.241573746809646,0.015638780590503828
7.44542157836826,0.10144227670134709
5.868904913323493,0.107496172919222
4.859489548612458,0.11666549924650373
2.6586278891851327,0.013765795332106489
12.293166018457283,0.038574261809771755
5.5931826842659715,0.12433302441092528
11.105452479041542,0.055673397672653765
10.913521378745875,0.05359623157123068
9.462257983263804,0.0701173490943015
5.897997089003747,0.1075258096090369
5.909833881082696,0.1076465125896203
22.50865149273552,0.009025844297212964
8.79670210559883,0.08456983463081326
9.149799005513788,0.07520332423899424
4.597693042183288,0.09328817349850177
8.524674732859253,0.09922349168103074
14.729824692784645,0.025810683950065232
4.607608026502785,0.09383521605508388
9.102624994410256,0.0748180385964931
5.100834910734192,0.1305256691713736
8.413062482339985,0.0973697812039547
6.812746928694843,0.11525539947996044
25.562858204326666,0.007868025432960904
7.387691999155,0.10307473963857652
15.20138178217845,0.03283975918611636
19.580675171447712,0.018385517248134906
8.421546220725283,0.09778020131324774
9.05029652513611,0.0748860406582314
10.700840617593991,0.05018609820598563
11.481859297535637,0.04275941213328473
6.548225452447616,0.10708906786378922
9.019403838586031,0.07524935445573395
4.220377983972031,0.09316839707035095
12.113177010156129,0.045269906473718265
4.898797778032058,0.11982487848515827
3.2523582418105628,0.04504109687185046
7.036490182266197,0.10938805206765362
10.496038590982963,0.048211746321921885
3.759050312744005,0.0661973614640827
5.275462249057182,0.13683865576752985
7.086825762932406,0.10757925615923074
10.557367419910427,0.048257498785820446
4.7674974071343525,0.10783940473061306
4.337672203520163,0.09303055553453236
6.816786809028969,0.11528940360708702
9.125260815960932,0.07496381065366003
16.353638261441837,0.014585591167094682
11.227511445940268,0.05340895542614124
9.574047634942461,0.0628527911017011
5.194007966872848,0.13428833400042148
5.515732284061708,0.13072538336075393
6.7627728097577435,0.11432067983313776
10.855217398370117,0.052682773912397084
10.067567672207822,0.05589790734816455
6.375330575129411,0.10983669478491986
5.243121985442059,0.13598090762489798
6.272821050972724,0.11365655339299534
24.353789505799185,0.005749654500572893
5.619629275688884,0.12197972200589577
8.455248287016063,0.09897337479968246
6.942531191040053,0.11319998076456292
4.466800975685311,0.09072983677008702
6.951781069238707,0.11285564677827026
9.24390096043884,0.07618617682616066
9.674212233722804,0.05745719188943098
8.776672702938463,0.08580679969306874
17.575797709075225,0.028925908912528064
9.161338660058789,0.07533503907986597
8.241847593099312,0.08278946763180818
4.115951182139807,0.08922334817892955
4.223038612583223,0.09321590406537354
4.43080928284227,0.09120771265189678
4.556456919222383,0.09157223766164352
10.98146396240695,0.05466102850876235
5.8003325288815315,0.10905074352113867
8.796728375219466,0.08456823720674829
11.189663726286046,0.054538561998390446
6.225551829368206,0.11476056119302643
21.369590382626715,0.00926676429932687
6.850727631924202,0.11531034266843646
6.946125433006542,0.11306806959123573
4.658227817196715,0.09737938923419279
8.272312743280134,0.08579833320496698
7.3872695127778085,0.10308466538800319
3.0673929424197377,0.0376560069806904
23.41054588217268,0.01068756418598638
5.742120369733593,0.11210668823116932
10.068475030429472,0.05589777058824111
11.803366618067146,0.04554683590609542
3.3370500143914015,0.04792940917086685
14.833046382317109,0.0278375380737143
6.924378111060869,0.11382339785310071
8.48433842394262,0.09943156850045642
4.319825248754622,0.09329765774992127
9.08698064335476,0.0747730754707877
5.970875854200408,0.1090913863578572
4.31466829597105,0.09336250055622736
14.582498219078536,0.02366969911622068
5.467390791160631,0.1339013339326955
4.260801475499569,0.09361015061885687
8.53883229984618,0.09893680406956788
9.048753206293995,0.07489815310941057
14.882144033569158,0.028943996355448483
