0.5136747565730132,1.2057630400685282
0.6272134353230099,1.4306625773958033
0.3655297556529252,0.7601611673491265
0.6067133834072486,1.4029678260062044
0.33447357820541057,0.6646703672653124
0.5316192244674262,1.2514923257151103
0.6096836114052784,1.4073849425685379
1.2686461228780042,0.11352225768123966
0.6428691095448953,1.4472488223321947
0.5561787441377742,1.308732496677316
0.4148325081597147,0.9148951633576956
0.3137110681214737,0.6028272599510158
0.6844257661353637,1.4706908533013427
0.698768269392583,1.4715021347519368
1.074954950201652,0.5120211303398798
0.5657252196566812,1.3291129850843402
0.6527375710826566,1.4555776470680604
0.9387754191408799,0.9730349090193392
0.8100369222940017,1.347737127496326
0.5674738735051832,1.3327245326732624
0.9135970601016115,1.0584467821426435
0.28468814690515504,0.5201342601000978
0.8502014832148925,1.2511390370017224
0.7525349186890177,1.4401102379133257
0.954557968106061,0.9181575765267622
1.2655356412375423,0.1169865566119152
0.3268123895361362,0.6416268716807721
0.5169537906829943,1.2143427154495812
0.9529647019794238,0.9237276919092644
1.1378459296929426,0.33997870862708646
0.7460374636089642,1.446795569167336
0.783363296736376,1.3978192594676697
0.7893488281669484,1.3876361075835506
1.0876252630376666,0.4742875717435372
0.13879629684669986,0.20052625224283274
0.907124308307533,1.0797984480581426
0.29383990932213905,0.5456758879919826
0.6275500007861312,1.4310616462426868
0.5167726301442735,1.2138712099899924
0.7735629490098003,1.4131285272493148
0.8070781501857619,1.3538790948553503
0.9604394901079913,0.8975545201885864
0.9806152382704278,0.8266530668898284
0.49591830800106207,1.157731518090767
0.7876406517786995,1.3906058758119757
1.5438171293015046,0.003534748890350777
0.9259789146202007,1.0168569389648197
1.1671060055313722,0.27390033381474815
1.0642362403063546,0.5450198558920204
1.0115173490103784,0.7189636329626805
0.261004386653962,0.45661636874095063
0.9650583338726384,0.8813401451428721
0.9356878662041834,0.9836740416136983
0.4905414993835632,1.1427047017131096
0.6030486087817104,1.3973344964110341
0.19350432986021285,0.2993556105995984
0.4743087805466082,1.0961502836508903
1.0301855122865022,0.6555038425605114
0.9276879661083153,1.0110486150622333
0.5799287225251315,1.3573114518284959
-0.015107666776679407,0.047903254869365655
1.0156013349328066,0.7049456269026655
0.5455662837690313,1.2848130782045148
1.1884827965886153,0.23144984402436633
0.4406519641544113,0.9951008020486969
0.8203577975248908,1.325217522392114
1.216342935118363,0.18334700341669707
0.9982841160088428,0.7647945393476071
1.1208602295013153,0.38253203936603875
1.085515364492934,0.4804712081944109
0.646424151553594,1.4504419407041513
0.6124855738934707,1.4114284130652697
0.9283809797113289,1.0086891403347134
0.9069291632483826,1.0804375580736194
0.07275398406658484,0.11480529606878795
0.5396306913199174,1.2708848376650659
0.6702498054070583,1.4661632469348371
0.6366877782415865,1.441187160871681
0.8109237973576716,1.3458685106422525
1.0939714433648318,0.45593690973470175
0.38146527203562397,0.8100300141706407
0.8170556184739498,1.3326053309683183
0.8799012815560812,1.1658967442586472
0.7564950700225259,1.435650159947869
0.9293337134833719,1.0054415284065663
0.6031428794938505,1.3974819214853984
0.7732253827868439,1.4136252873300486
0.8342682807412292,1.2922777745588232
0.7804869863845837,1.4024892462795338
0.8661432340080051,1.2066617316129538
0.7338669760390849,1.4571884594310318
0.7440370403450561,1.4486949433904441
0.8709966510922683,1.192518356192453
0.6684487116294882,1.4653266527463666
0.6533189488894005,1.456015858145485
0.9336895119458234,0.9905391874244226
1.2533258048870493,0.13138731028539183
0.9954274250971172,0.7747554327072116
0.40925568882738533,0.897405359008143
0.3550315385061078,0.7275698983681196
0.817585703985573,1.3314308493197047
0.7419774466761423,1.4505720927964798
0.7697912221871702,1.418562200398704
0.9399293656848257,0.9690491739929942
0.8033630326071096,1.3613885599153128
0.556789151842219,1.3100685540018775
0.6214730646510505,1.4235749021862245
0.28519441304758353,0.5215333960311147
1.3696886967528235,0.03833899095286558
0.5438859532665552,1.2809090779565415
0.8585708904323445,1.2281791227869683
0.576164564007682,1.350094636132146
0.40765751208939144,0.8923869361110206
1.0147755348223142,0.7077746435046145
0.7328102562171682,1.4579592160141306
0.6868247390532083,1.4710924920490842
0.5893672808390122,1.3745627215859393
0.8212435412385755,1.3232071345749148
0.7049577166525308,1.4706655250978742
0.2843873600263085,0.519303776252882
0.6829416314688348,1.4703892214486625
0.9070717975225198,1.0799704510167896
0.2938999829705943,0.5458452568611868
0.4340472118938563,0.9747425004884535
0.8355995256377406,1.2889759941341374
0.642445497262169,1.4468539909323426
0.7852908548260267,1.3946082065945984
0.29242315990398937,0.5416879129196894
0.7529577174825248,1.4396479476205386
0.8849766512679468,1.150356071791549
0.5228701010322488,1.229575921139899
1.0668490346714594,0.5368891345571603
0.8717359917394819,1.1903405805433713
0.6508835482433555,1.4541409404032872
0.0639246349208758,0.10588240758182607
0.7348829755387565,1.4564275337219144
0.675138794252786,1.4681385945107295
0.9585527658097364,0.9041700032386649
1.0342211226135134,0.6420177114100797
0.6406049324534668,1.4451031887624946
0.5278905226233075,1.2422435823388056
0.813988206929229,1.3393148144161098
0.6308234461009756,1.4348467716804518
0.5766412427583653,1.3510189535271477
0.3740313298640112,0.7867196254061648
1.0074072393224707,0.733136181889034
0.5292246292923839,1.245568603378337
0.9494996710881046,0.935821655780631
0.9263380849301358,1.0156375233559933
0.5247171520798061,1.234264635541481
0.5726223964875531,1.3431326975094426
0.6410321849546637,1.4455147092975205
0.8928598780518311,1.125727505488129
0.6884504062470926,1.4713041739565926
0.8112760207057119,1.3451228754039097
0.6158970731226533,1.4161879044516168
0.7747262898113917,1.4114008741791098
0.3714803816311416,0.7787377505706686
1.0311169594772251,0.6523830198434186
0.5147206317147256,1.2085099675238553
1.1269496888484387,0.36692779850768587
0.9655217767700921,0.8797120333033966
1.1879655962917581,0.23241934856945862
0.6488583782552461,1.4525035702654672
0.4913686128790631,1.1450298235065068
0.5283052302621709,1.243279046213809
0.5520072395421689,1.2994847113939827
0.44519844142324816,1.009032349408894
0.5368031063076997,1.264116668062231
0.8557852457662607,1.2359193772728414
0.08046442970935624,0.12305747746662989
0.5083122192131261,1.1915297632857864
1.011968578361561,0.717411546131643
0.6335079363883329,1.4378197924314646
0.3552502469411988,0.7282461092135929
1.0182438995724143,0.6959123791062922
0.824299328146631,1.3161790226054817
0.398840104877119,0.8646666847911177
0.633723388197073,1.4380532481871462
0.50339908871305,1.1782776326854787
0.8896137586940078,1.1359386419127295
1.0575314096552881,0.5661300573278307
0.62132423561538,1.4233841226639274
0.5715377219464995,1.3409681841964407
0.7920495242470725,1.3828378696613783
0.9316755206688009,0.9974404313958388
1.0114187317933425,0.7193029499108793
0.541819415887428,1.276065347280246
0.21888106751955544,0.35405493053693565
0.7109152725480382,1.4691797007788354
1.0832541462116811,0.48714330085076535
0.9061973209085691,1.0828318808253523
0.7236644246747442,1.4637485573877513
0.6672133053249981,1.4647190777798098
0.4937606434897601,1.1517266096782528
0.6212015319431685,1.4232265674119982
1.0922934243719027,0.46075240787993027
0.7458050713007964,1.4470200709598078
0.306036444948935,0.5804953449539348
0.6881100559870044,1.471263906684147
0.27820619840386057,0.5023683715774924
0.7175010291794444,1.4667578327190616
0.6485078163776719,1.4522129490420743
0.48374918024855057,1.123432161932636
0.3899103416838837,0.8365728901703483
0.6382869472528483,1.4428169630859504
0.6056569123197523,1.401364533526037
0.8975466908360751,1.110820559781885
0.7867515288373572,1.3921316113542692
0.5207459694489303,1.2241440136009047
1.0145147167342057,0.7086687419375003
0.4337867722271223,0.9739370757502023
0.5463877593723753,1.2867102810538291
0.7589218969681494,1.4327734594062327
0.3357949612157445,0.6686688801482643
0.6860062611811412,1.4709674090519236
0.5358343480818238,1.2617785050251054
0.765656051721668,1.4242232539216844
0.8884070164169036,1.139710066707624
0.9258477317142462,1.0173021489322385
0.4108743719412589,0.9024855680707089
0.9416399758366901,0.9631318059981334
0.8704274735073972,1.1941907685186413
0.7473793860485222,1.4454794411769514
0.5528968993533383,1.301474018066697
0.6426739016105786,1.4470672553762711
0.4302177865114488,0.9628812623642985
0.9960969528887718,0.7724191039110827
0.6902154036744654,1.4714785402953114
0.6696844572417414,1.4659069397549052
0.42799727097473106,0.9559862060151413
0.8972508089071133,1.1117671967401714
0.7724338243723895,1.4147820957029889
0.39373688772009735,0.848610841951874
0.5582196640010437,1.3131822857666424
0.9442147547723077,0.9542061403558602
0.44862384452909254,1.0194793298749494
0.9147803644363675,1.0545125946106184
0.4640190955659972,1.0658249272287899
0.7299513515376683,1.4599387700316735
0.3532883698961363,0.7221849464790289
1.126738279582204,0.36746304854151773
0.5880260075577809,1.372186223104828
0.16099187266684395,0.23746867428499865
0.4944759808200791,1.153721232402879
1.0050929744980728,0.7411424846069707
0.2032583113310772,0.319724648590802
0.6968920135165109,1.4716138846865827
0.6601121633348244,1.460697708039031
0.6422095706810542,1.446632774073257
0.7172598064433295,1.4668610009150083
1.1741336178894795,0.2594043618329538
0.7889568222614742,1.3883221060160646
0.5301679946330429,1.2479091317457138
1.2226436207985376,0.17356478486137472
0.7488354085952051,1.444013321553939
0.9124042198809825,1.0624033072205938
0.6029324987158942,1.397152736200521
0.42861618797560685,0.957909248745523
1.0197345457223657,0.6908304527828001
0.67176796929633,1.466822977009465
0.3001372842005282,0.5635471648675123
0.6925395353791901,1.471619881773793
1.0372114259316207,0.6320855594301609
0.5778839003087493,1.3534144222709497
1.0069317530043502,0.7347796692933889
0.689267761625132,1.4713921061921142
0.5897395961463914,1.3752179258839508
0.7119193829773267,1.4688633723081186
0.9515376106181842,0.9287121213438744
0.6827700018730116,1.4703517233946135
0.34534903691413565,0.6977712006963052
0.6172534113120516,1.4180298095842592
0.5177101416379217,1.2163080644990334
0.8149488894541357,1.3372294537905869
0.5968089726522706,1.3872850818693319
0.9061466640393424,1.0829974650542538
0.9113937980146474,1.0657472734681632
1.081857577899942,0.49128711087827137
0.9619149731251688,0.8923775354490948
0.24642122764273727,0.4195233600722996
0.6995598735517061,1.4714352183042148
0.5015408885575984,1.1732146698731862
0.7700332399548793,1.4182212593002925
0.8318208798671866,1.298281127444791
0.873007258725242,1.1865818921895979
0.8079133499044504,1.3521597525908384
1.0231214093792924,0.6793223378261605
0.5457825013228382,1.2853131611861195
1.2058773634820767,0.20047796172428606
0.562872439978305,1.3231392343948851
0.8070225793921189,1.3539930892552547
0.3938023260688228,0.8488167287353755
0.8536327676625961,1.241833641036915
0.9863556980109112,0.8065010024974524
0.7414558834158835,1.4510348163889177
0.6550745337578691,1.4573033473557122
0.2539854096293302,0.43856208171923183
0.46965460401526155,1.082505150262184
0.700470241563815,1.4713437446369264
0.8638105827271909,1.2133628849176332
0.7232076317440842,1.4639962389909058
0.49333933957752846,1.150550113272107
0.5790779604745199,1.3556968590725804
0.7525427347870532,1.440101721907885
0.25920407214102165,0.4519506114062047
0.948247231267787,0.940185631643725
0.529613949246071,1.2465355950058195
0.8113858119343321,1.344890046637483
0.3916548868660298,0.8420606323495459
0.7877363145550507,1.390440898939125
0.8303965346385678,1.3017348011060654
0.805025695236155,1.358055829402539
0.35696927090728137,0.7335654433051191
0.2861391658895771,0.5241487488826793
0.9221188421669817,1.0299186046068023
0.3559927386665794,0.7305427210056079
0.6680261569104082,1.4651219245117584
0.6399443287628688,1.4444608478408176
0.5813654488944106,1.3600159993585315
0.6114718368616162,1.4099794191332262
0.8872848866996579,1.1432048534022763
0.986415615306227,0.8062908686603996
0.3720964953887107,0.7806646375089292
0.7384174731284718,1.4536287707275293
0.9914582597372439,0.7886261528658334
0.4771349003160256,1.1043748268655114
0.7153848471668172,1.467625396261768
0.7077649090840824,1.4700487253109549
0.6937957922914466,1.471654426904644
0.6504572101801251,1.4538021345858465
0.7848646162615485,1.3953238717793617
1.2170462500402202,0.18223544541215173
0.6007270291547198,1.393662301270031
1.1625912269200263,0.28349386865074516
0.7792693473392249,1.4044221360960902
0.4976518570074578,1.1625309989274026
0.2617924482693772,0.45866624143752976
0.21562887367482633,0.34673716745950756
0.9248686682883382,1.0206220390113754
0.6989047289962259,1.4714914367649912
0.23736902396837056,0.3973265724152193
0.4636367204646683,1.0646871942946032
1.397876281138641,0.027255379668035852
0.3960662911889132,0.8559398941305217
0.7152772780312839,1.4676672353422189
0.49392033657200923,1.1521722168253885
0.7260839777176217,1.4623708137235831
0.7567240984856602,1.4353833272935062
0.41186666301359387,0.9055984292460343
0.48485314253082834,1.1265856887172683
0.7538775540460371,1.4386307180862403
0.8804955041570832,1.1640905971989126
0.17848740765409804,0.2696187589866624
1.1423174020281854,0.32928478283919366
0.9665768044732325,0.876004997349827
0.7239426137082738,1.4635957843904372
0.6001370177236002,1.392716351807967
0.6670504951455781,1.4646369641072448
0.8955933130308215,1.1170564717466551
0.4932502405525139,1.150301137963415
0.382799243013747,0.8142192526225303
0.8301027448217564,1.302443461938617
0.8813553066578554,1.1614708714820519
0.5530326524269987,1.3017767595236414
1.1399619083366475,0.3348915270339465
0.8426138274331512,1.271164995036956
1.0182268457187502,0.6959705772265733
0.6073176892872552,1.4038773466337056
0.6577061346863884,1.459132223315117
0.5277249707210551,1.2418297518091859
0.6118916440876221,1.4105813933900055
0.8216692855846084,1.3222365170827355
0.5618212052647389,1.3209126210927407
1.1240081784786096,0.3744171764947308
0.43434596535417647,0.9756661779885226
1.0272201255660809,0.665470779604354
0.8315604662946272,1.2989147826671814
0.5598365809931772,1.316672239320342
0.4444465237552088,1.0067332894385697
0.6921982881592977,1.4716054217767465
0.5458477972261431,1.2854640800571429
0.7671665099838029,1.4221914933445006
0.048634628538842484,0.09170740608631932
0.5214922165288413,1.2260571584857338
1.1475380769795658,0.3170700770931703
0.8771854377948208,1.1741053211232173
0.4892881240404859,1.1391721306248515
0.7546466371616757,1.437768144460385
0.694084936318337,1.4716582143601373
0.6987615020805288,1.4715026562111226
0.6208301965949076,1.4227483031238057
1.0466727050442524,0.6010266358276908
0.5410912494007301,1.2743475624471972
0.5874082592443928,1.3710832287576784
0.9530982923337028,0.9232608637370797
0.9218561983796455,1.0308043441578514
0.7182270581721929,1.4664406795242775
1.181258335667131,0.2452495589124766
0.7184582311345753,1.466337603557698
0.8077653970573547,1.3524651566960093
1.185681116062803,0.23673558420751933
0.6193993456810049,1.4208849724739163
0.9583209896123511,0.9049823138134141
0.45745532691321805,1.0461959207321372
0.5279358447338185,1.2423568272405359
0.7488303120604674,1.4440185224992705
0.8759330060041953,1.1778648065413013
0.6706031392618087,1.4663205074259158
0.6826464157284469,1.470324386341194
0.510827530625261,1.1982366025738913
0.8002588418840292,1.3674881276115345
0.8166945179254654,1.3334028799707824
0.21767386479834905,0.35132818533498084
0.7139728289471874,1.4681571996239293
1.2064960242557485,0.1994342523542891
0.8414780832892993,1.274095482392433
0.6860049439593605,1.4709671977689185
0.43356828982166984,0.9732612601716983
0.48370127149108044,1.1232951269661313
0.49810005116929185,1.1637681734887388
0.315427999289719,0.6078649597581083
1.2029664293261644,0.20544168911760957
0.7389703157773446,1.4531697233127738
0.6637462548451333,1.4628679389274903
0.9683417707796504,0.869801769275989
0.7708923654271592,1.4170024098429679
0.7135814121742299,1.468297949440637
1.124856090633168,0.3722490337787193
0.49335152988590575,1.1505841729800326
0.9620641509719743,0.8918539664489096
0.7713419118258453,1.4163593151765501
0.8806180581884661,1.163717645727282
0.5623845705226476,1.322107566337899
0.4207724450554454,0.9334754745207318
0.20726416064564318,0.32832836635261303
0.5060535190770782,1.1854619685837364
0.9137602419147852,1.0579047898530316
0.6549101941177573,1.4571851100761735
0.8098477936700001,1.3481339746151617
0.35342130836443797,0.7225953219761637
0.2879094075032845,0.5290646080904828
0.4515645577836332,1.0284117253528373
1.0039535865766758,0.7450907182257707
0.7888509415991652,1.3885069375093395
0.5606261532822345,1.31836498589027
0.3481198011945629,0.7062694734227443
0.7876832585170006,1.3905324172819242
0.6537260117418654,1.4563191751821971
0.9759427549633494,0.8430761908337536
0.9658627045420582,0.8785142138384725
1.021912290781119,0.6834244985791982
0.5862869228032529,1.3690675147395985
0.8997572709725374,1.1037251003816655
0.7599256117898239,1.4315519049978327
0.4794494583412136,1.111074785084729
1.153988484804168,0.3023830698185121
0.4399254039253263,0.9928679343945023
0.1827265105363602,0.2778129741420087
0.9362264825433799,0.9818208159280627
0.6238983633525651,1.42663400548969
0.16992091739985182,0.2535412385131048
0.3815582182127638,0.8103218520820669
0.6721143374769846,1.4669676572338521
0.19550552337169697,0.3034672752365157
0.7833968409227486,1.3977639369349923
0.8920845727610792,1.1281749703856558
0.509484136178561,1.1946612327169583
0.5106454669217239,1.1977529512064737
1.0174773478620995,0.6985295953061919
0.5649163780328137,1.327429518693814
0.48269459034821616,1.120412229876965
0.41261859779192767,0.9079565065676277
0.2860459831770502,0.5238905379595675
0.412647809953451,0.908048102310186
0.5047861297960246,1.182038849580678
0.5514056029174893,1.2981342516839973
0.558636449347292,1.314084882257509
0.43473005054453817,0.9768533099580137
0.8881166250343944,1.140615602132709
1.0327208059107835,0.6470206663549198
0.7533370324576624,1.4392303750175672
0.26261773803676625,0.46081782379208913
0.7479935081340205,1.444865890807396
0.944821543077661,0.9520995234229274
0.41976833533355323,0.9303387159781746
1.0966709293379673,0.4482461353190847
0.8216067692538394,1.3223792170915158
0.7673099023249043,1.42199645205566
0.76055694095662,1.4307740487634124
0.5793517831244536,1.3562175838821149
0.9122442698834323,1.0629331192561868
0.9331857397250403,0.9922671333903155
0.9546755966095483,0.9177461337726579
0.963791232134486,0.8857905882731204
0.8065603949601189,1.354939230443449
0.7299317320596022,1.4599518214500922
0.5905490398891102,1.3766356623211742
0.5253459536089506,1.235853401703453
0.029270572630783698,0.07594008385223842
0.6194906605020225,1.4210048559281847
0.7586190446159827,1.4331383928299948
0.696941621614535,1.4716117776093878
0.5414813923764483,1.2752686431759732
0.3737508095901343,0.7858414007539563
1.025765732042872,0.6703761080945423
0.5819891600640408,1.361181414474038
0.724950403364479,1.4630300801469849
0.9848815498697784,0.8116724535774453
0.35076114189753294,0.714393051362658
0.6170704687660394,1.4177830548582233
0.37079832109735544,0.7766053331657372
0.8051070415803877,1.3578916053552008
0.5558799032931594,1.3080767864420646
0.742783915585586,1.449846547241564
0.5681205750973173,1.3340504377973785
0.541514019534834,1.2753455975615007
0.7338708292935484,1.457185610356447
1.371395437836512,0.037573129860257126
0.5810837182957838,1.3594878543026767
0.8866139367739307,1.1452887962599634
0.9296689494662596,1.0042977474699248
0.935618636275609,0.9839121554599088
0.7486604177507431,1.4441916197985794
0.09615475373170523,0.1412253601548727
0.53866767893318,1.268589244771721
0.28271431104575384,0.5146951204794585
1.0676021501132475,0.5345557486088283
1.0103190672984106,0.7230891307658173
0.36888726398269955,0.7706347278405639
0.9210404838550244,1.033552747659264
-0.025385082515270607,0.0428097561777899
0.6526492849597358,1.4555105872014584
-0.15948861007483595,0.008066695644627912
0.6992746464304808,1.4714606821959542
0.8190404148786962,1.3281851766089798
0.5483003487787249,1.2910982035978598
0.6793571143899431,1.4694936935938738
1.1593414795042931,0.29053549537566115
-0.0007666028038193495,0.055837348578330726
1.0361297118586943,0.635672284554032
0.3624694357465106,0.750634339573821
0.2458072805366539,0.4179974874497436
0.8270932044522532,1.3096293202760045
1.1009451994979194,0.43621202160611355
0.6726369269659938,1.4671818364013824
0.3136762443503176,0.6027252362472904
0.9438665625467104,0.9554144495939787
0.7411143703222082,1.4513350329353794
0.7944909288101498,1.3783925160609136
0.8380184795864292,1.282911735538493
1.075062747726136,0.5116941467995133
0.5063778516768901,1.1863358532799924
1.1109120117257527,0.4088473291510107
0.6951141412057854,1.4716590421597142
0.3846292947217298,0.8199688431477339
0.4018719593516124,0.8742029797687877
0.7871234970095724,1.3914949879966916
0.9165686864141548,1.0485497238410375
0.7138076407461702,1.4682169527132116
0.8174828471162043,1.331659087661114
0.4060985010518599,0.8874893151863044
0.804077323989811,1.3599623848814808
1.2249652455758444,0.17005936188132192
0.37258555319345693,0.7821945858495822
0.40277324187962615,0.877037095174054
0.6781625652869423,1.4691429324903233
0.4612102594290352,1.0574504743130504
0.225483361810386,0.36918385780428253
1.0931119622724594,0.4584000857971478
0.9082175195391811,1.076212991096231
0.41351665120881287,0.9107718906224589
0.5178619446997491,1.2167018947513728
0.7275690659724132,1.4614703414566936
0.6556616731751432,1.4577219152703298
0.2880504629600144,0.5294571643245058
0.08896941881540738,0.13267247387854209
0.5114185218476516,1.1998046099698578
0.6377382698320289,1.4422625970839476
0.5673349432636277,1.3324390010644362
1.0177423523470819,0.6976245037216964
0.5458441451778175,1.2854556403030482
1.0779049187357175,0.5031090966489057
1.0495275291431794,0.5917710821629465
0.759943159259951,1.4315303840341578
1.1707360213928213,0.266346255493772
0.7953588069119717,1.3767877555205277
0.8287906791192029,1.305592797192813
0.016563550352778456,0.06682492169188403
0.3446398313361337,0.6955999781876478
1.238810092205389,0.150238939242436
0.4647583191133796,1.0680223426908748
0.3908114014607083,0.8394071997226902
0.4392890814272121,0.9909109768206061
0.853759764519977,1.2414863297123624
1.3358315792763578,0.056486097398794705
0.954019159431827,0.9200418686964328
0.813588310253317,1.3401785554817665
0.8429617049649072,1.2702638425317159
0.6589094245980791,1.459927911849349
0.39214143415754543,0.843591292827362
1.0921211855584698,0.46124819287874363
0.5156898112238878,1.2110468189634933
0.49680216455096793,1.1601813733720525
0.9077285636568977,1.0778177157440738
0.697625351602482,1.471578048201061
0.377143882654125,0.7964714085777963
0.9569343248186404,0.9098403316629161
0.251376397367825,0.4319456921130368
1.1471666409036023,0.31792944560314157
0.5685613904492941,1.3349511912246996
0.5537840902895096,1.3034486562435306
0.9761226333964806,0.8424437522666041
1.074953253257651,0.512026278496767
0.4243568010354114,0.9446571121070523
0.6762114877429799,1.4685139638981435
0.4445481599356931,1.0070441708766338
0.7326419272849237,1.4580800464802146
0.9941086161419239,0.7793604390114182
0.8554791240413229,1.2367640649796863
1.0167702200768411,0.7009462131139264
0.7340102574553347,1.4570823294687427
0.6911596764463043,1.471548079007878
0.442870808114161,1.0019088544371824
0.8552873617384854,1.237292597611733
0.3105799653072158,0.593678868970056
0.5050097994674074,1.1826439149935228
0.934982857115437,0.9860979615345938
0.4119703991496211,0.9059237877726698
0.8827949863134549,1.1570676838776093
1.1161705358126575,0.39481124123684613
0.6635390020491021,1.4627504821925776
0.3120929030171226,0.5980930311960754
0.7662775168572571,1.423392338867636
0.8301338488742827,1.3023684948916572
0.714274694935211,1.468046674746053
0.587339643445095,1.3709603867394187
1.088437866978547,0.4719169143571612
0.6990190893367768,1.4714822026794674
0.7556618708289348,1.4366126982734144
0.6081305695299084,1.4050920694405626
0.46636044706905266,1.07277520967025
0.5697113907926505,1.337289463617721
1.1711283738555438,0.26553826763902083
0.3105233230493253,0.5935138404399872
0.6119012890312633,1.4105951917079205
0.5861684925404046,1.3688536065317511
0.5812302240695062,1.3597626346496583
0.5188490807710023,1.219257754367429
0.548239058523252,1.2909582270656712
0.6830583736121177,1.4704144177877514
0.1243492448653028,0.1787512404319082
0.6979433254950878,1.4715593829055764
0.6131104340026975,1.4123136698000884
0.8571651448338702,1.2320972193263446
0.7183193163270534,1.466399664405281
0.2833021834781987,0.5163124279490385
0.7296450465433824,1.460141702862284
0.1854639534768313,0.2831882308998241
0.8033586943352907,1.3613971960619313
0.12616886351809264,0.1813969093378295
0.7748623461090378,1.4111972331078304
0.8207672881402679,1.3242895977984654
0.8494767652620533,1.2530848652766604
1.2326495911932305,0.15883143204481126
0.6760273250101902,1.468451009387716
0.911426965698232,1.0656376162811592
0.7317190713302437,1.4587329871386312
1.0161834205102256,0.7029532537466798
0.6180677172040353,1.419121778303945
0.5262937069766721,1.2382408486940515
0.8945631330456902,1.1203320623069588
0.30926187130940525,0.5898429410303861
1.2179429438541742,0.18082543892317038
0.1983269257806416,0.3093233397870182
0.762663133503608,1.4281260166028527
0.42848647096902603,0.9575062797133043
0.7759333184191829,1.4095826820849318
0.8537537685109664,1.2415027322383014
0.34729583287350096,0.7037397068441109
0.6534584793875418,1.4561201526401055
0.6599061062787722,1.4605676386288853
0.8042032330394702,1.3597101175107915
0.6633188008604631,1.4626248488701061
0.5085707561860755,1.1922215907109566
0.6583891381809641,1.4595869977195524
0.8594906781394205,1.2256023120763413
0.7948606814925722,1.377710387827674
1.0038555720042637,0.7454305531834137
0.18393122824214564,0.280170470179119
0.8843457500786738,1.1523017498581727
0.7956395097725407,1.3762659769009429
0.48428225421628673,1.124955916690306
0.4935197396401974,1.1510540406813021
0.4814724695303292,1.1169035788882165
0.45464740108111856,1.037737593659288
0.9654436207264541,0.8799866143545793
0.57271781370974,1.3433223784319406
0.6631735918369938,1.4625415290867445
0.7817375414539514,1.4004767802106983
1.142118683096345,0.3297554970590131
0.5159060586264028,1.2116117108230395
0.3558500970297759,0.7301014011531067
0.7538299142402441,1.4386837879269145
0.2564044997825349,0.44474290614476697
0.46835866174600704,1.0786842691811054
0.462853545981206,1.06235462069663
0.7011927134609758,1.4712600902722752
0.5533751527374271,1.3025396140162906
1.1596535731164015,0.289854294315387
0.7108575344952252,1.4691973116826698
0.7852283471428461,1.3947133575176711
0.36037629385491443,0.7441301498224289
0.7337836585059427,1.4572499954156686
0.6690843065231362,1.4656285516887626
0.8161059408877623,1.3346984579308774
0.3967632914383517,0.858132854975265
0.4125568479021984,0.9077628841656364
0.5900884537480346,1.375830079973217
0.6151788465089404,1.4152009120003526
1.0213712275367066,0.6852624321111743
0.7692809450219302,1.4192775726597255
0.6785902608900329,1.4692715184721858
0.5172581773295679,1.2151342743912865
0.8664766013708922,1.2056988681299277
0.5542582737951672,1.3045002926616258
0.6416119617541088,1.4460682059502974
0.14816175555716476,0.21559364781304718
0.6296681027428882,1.4335308121779435
0.3061347460145101,0.5807794000021724
0.9456400425695141,0.9492560883167356
0.7786652851174805,1.4053712638260414
0.416734131793688,0.9208496170038655
0.545613016190664,1.2849212081382977
0.8065608267151879,1.3549383482239328
0.6293423104998925,1.4331557814497433
0.9736359878064859,0.8511872533276176
0.785767573139357,1.3938040194859815
1.2865133237184203,0.09515321067278719
0.8638746539544685,1.2131796763998937
0.6430533597409767,1.4474196038267364
0.7951100982210642,1.377248943530467
0.4363000966031686,0.9817015800368343
0.4363657185719514,0.9819040615240923
0.5143568443984078,1.2075555959011341
1.0387836267697246,0.6268851419950163
0.6761606868802288,1.468496659759994
0.7468954754423454,1.4459579339405204
0.5772282493054055,1.352153076891918
0.5329556510558024,1.2547732752138792
0.9749748277122252,0.8464794997392063
1.0655128890874328,0.5410402245420342
0.47264395385719116,1.0912834382951393
0.6574124112342624,1.4589341241263205
0.5894475480619272,1.3747041413487642
0.37593505319714093,0.7926825475337023
0.7595986562619331,1.4319518597438057
1.0153245526801367,0.7058935057554399
0.9276821757798875,1.011068319019254
0.17783083861386606,0.26836371347684457
0.8761774817988618,1.1771322543507161
0.32978384468932215,0.6505354727795934
0.5348470317096266,1.2593855150813114
1.1323677922749473,0.3533705028256102
0.5249412736741969,1.2348313496944654
0.326273094733383,0.6400141211575892
0.4689898832614087,1.0805464643328055
0.6246083429429555,1.4275116980453848
1.236041441845964,0.15405607860782125
0.6340629977315471,1.4384196770793543
0.7362882411379329,1.4553429820602737
0.7320162989177021,1.4585244478977089
0.2622722730207887,0.4599165692400243
0.8008792124325841,1.3662819657005119
0.7708459589608929,1.4170685882329297
1.2456921775474483,0.14106075816819463
0.884923653875366,1.1505196628388108
0.8367933714702086,1.2859934368866883
1.0843156688068822,0.4840053445326927
0.5092991892384149,1.194167806761399
0.33085479454428307,0.6537554053080945
1.1225464678900086,0.37817240913398625
0.8703897619859361,1.1943014485032517
0.4010844718769816,0.8717263807814033
0.18709086314533369,0.2864139483155214
0.5433122361879532,1.2795690206843653
0.4638496439978325,1.0653208256666118
0.4909866136701526,1.1439565766174966
0.5665796704965538,1.3308825025322861
0.35713165074338926,0.7340683062383949
0.735060675093826,1.4562924460859037
0.8191422739446654,1.327956679720527
0.8181356483942188,1.330207722621624
0.6491224650562902,1.4527211033002114
0.9113619517516303,1.0658525547519684
0.7300346517890304,1.4598832754032758
0.7991063270578187,1.3697118169774172
0.7436831670791204,1.4490231329722627
0.6958845334698311,1.4716467239136675
0.370204743433894,0.7747501807150856
1.2533769713601686,0.13132423844419053
-0.008225295418148593,0.051586333702274605
0.7783844061566771,1.4058103831608113
0.7995871545258695,1.3687868038226925
0.5797309996326943,1.356937075450323
0.8396599192701177,1.278749621013038
0.1473251676681615,0.21421695967988644
0.5046269080288655,1.1816078796533136
0.6812898241179454,1.470005851404818
0.45371181181902887,1.0349116202552757
0.92798310280449,1.0100440688221701
0.6040440791029774,1.3988845776687564
0.9266624190896301,1.014535804597315
0.45245593657309713,1.0311123402086835
0.8802435893407048,1.1648567347528505
0.781675042921405,1.4005780125602107
0.24904937136354255,0.42608834848786153
0.7635484656162148,1.4269886201484736
1.0969810391166734,0.4473670985662531
0.5819571352720123,1.3611217040264059
0.4507499104532346,1.0259407228855189
0.4535065869267077,1.0342912300039124
0.8735201673863493,1.1850603959210217
0.9632759029683543,0.8876001289296852
0.7239741374295376,1.463578380180307
0.8114610953129765,1.3447302851012561
0.5761387621659816,1.350044518777429
0.6504566689728735,1.4538017024950298
0.5544710812204947,1.3049713985817
0.6356622802139852,1.440119546483073
0.45785053849464646,1.0473835718758893
0.7502180476417699,1.4425844526502516
0.7157314166802681,1.4674891106094659
1.2598642515453324,0.12351466009475612
0.9633479917892758,0.8873470109822265
0.632456460795652,1.436669447116437
0.80556270923292,1.3569696809745109
0.4165129456586455,0.9201573053183563
0.7461606839771443,1.4466761223750428
0.13891655454127733,0.20071494896843758
0.5221597062425538,1.2277639839285386
0.13853706451388637,0.20011991087288716
0.5831872655991919,1.3634052723250085
1.3923425640403766,0.029182765190396927
0.885003629876566,1.1502727844233656
0.36059578171437867,0.7448117107233914
0.6475339979380292,1.451394537318216
0.3916562116134695,0.8420647998825711
0.25789746671126,0.4485793912435556
0.5688936891929008,1.335628575130985
0.8963180989913864,1.1147464597906203
0.7890319407333379,1.3881908570461163
0.7611598780322231,1.430024327412313
0.5149875167762397,1.2092093780093296
0.9391070147990818,0.9718900856047628
0.6567715993437244,1.4584966697895303
0.3229731672773405,0.6301739079639768
0.44215613735552123,0.9997178625562181
0.7548209058280977,1.4375711663856723
0.8041964163998452,1.3597237818111807
0.8675331954949516,1.2026386431834326
0.3762478538001807,0.7936627850432202
0.6772585084471621,1.4688601293660506
0.8469328415117162,1.2598603555417818
0.9561676079904912,0.9125249983776279
0.8967934278611829,1.1132290820985942
1.0826995620294966,0.4887867358371196
1.0142469419876472,0.7095869803369613
0.8584739382991216,1.2284501316152165
0.8079300380817039,1.3521252825143726
0.7084415443698875,1.469877855047451
1.0341495428880978,0.6422561058897959
0.3556447676338306,0.7294662252815357
0.5973059296953711,1.3881063570889831
0.43200084529266913,0.9684089611572432
1.1392569953147116,0.33658095234576213
0.41853741419265356,0.9264910012754188
0.08049930589537468,0.12309579811415776
0.5337740177725173,1.2567734098343069
0.20772449174600932,0.3293259000284299
0.3878416385543965,0.830066934750693
0.43580951738870943,0.9801874564122848
0.1933715965158458,0.2990841298450426
0.6455614662337309,1.4496869046050986
0.09409235632744889,0.1387295886952649
0.8184211144694757,1.3295709587409759
0.2118136964293454,0.3382668334781989
0.3869688350726106,0.8273226361883631
0.44622198341218255,1.012158613382701
0.33781178643010346,0.6747847209914501
0.7244171948292788,1.4633317801280656
0.7469882722512535,1.4458665154853092
0.7720587238931562,1.4153263370447435
1.4279078391673745,0.018595938955851866
0.433277504638716,0.9723615903596733
0.727083126661325,1.4617695775545552
0.7526263411442196,1.4400105577902196
0.9184548397833867,1.0422389044051799
0.5032214087646252,1.17779470340193
0.36780476379193405,0.7672556053129272
0.5075698395087307,1.1895400985983176
0.7898696329456663,1.3867206027044356
0.9052485048514296,1.0859301360240419
0.9578640686439748,0.9065834391776387
1.0093877862036151,0.7262991067822642
0.8421576136369674,1.2723442678292514
0.6898322610673989,1.4714456012554002
0.5161962884977493,1.2123692062443556
0.5197027151421354,1.2214607661055203
1.1276035261406716,0.3652753666692711
0.6747777958274536,1.4680075606124379
0.6111836271289992,1.409564578399869
0.5060075213659379,1.1853379619802682
1.318362247827181,0.068341043013187
0.8293092668119213,1.3043510790804185
0.47794602453762747,1.106726519908782
0.5337139246668473,1.2566267717999757
0.4996909895270949,1.1681473323069298
0.7698280531453333,1.4185103834439028
0.20439648944645375,0.3221551597266665
0.5063219885546464,1.1861853968249856
0.3483114834327754,0.7068582848693729
0.6300902474904937,1.434014177104526
0.9342460556816551,0.9886289483458446
0.6921565299733996,1.4716035034736052
0.930873507807427,1.000183520506246
0.7158877882017548,1.4674268755922453
0.6189610063492599,1.4203076607126792
0.4705735872866335,1.0852090651619077
0.3900259822686871,0.836936625373518
0.6535008230011492,1.4561517359997778
0.7068783847434643,1.4702595438726025
0.5203198743378643,1.2230493153027162
0.10526187212033783,0.15264568625712183
0.8799176832469876,1.1658469394469122
0.9377343444502426,0.9766264597147528
0.8203573644298923,1.3252185024349292
0.9086146994942059,1.0749082014069062
0.5311522962934238,1.250341753077033
0.9382618522466057,0.9748071585036105
0.775020418650304,1.410960222560319
1.047054675040624,0.5997850276547464
0.4861109576689989,1.13016886782586
0.580399881180134,1.3582014442157737
0.7909113303681178,1.3848753847819164
0.636880504858397,1.441385845008536
1.27982795275624,0.10172780499926176
0.7221561536835875,1.4645513707095192
1.0515735830975599,0.5851724809153503
0.8945064541572798,1.1205120136869346
0.7837541454901367,1.3971734274761076
1.136876392969239,0.3423255946441573
1.0529217048357515,0.5808409802532323
0.9858777452566722,0.8081773907422583
0.4665172511080215,1.0732396681784213
0.46755624385971517,1.0763139295020012
0.43181030142697857,0.9678186481539782
0.7340513348872733,1.4570518315574355
0.47205035828923225,1.089544321395177
0.4350997634825459,0.9779956214589168
0.8364601425783701,1.2868279771970694
0.876080498188244,1.1774229338777842
0.309043336753322,0.5892078466562013
0.7757171064627338,1.4099102885048251
0.6382952508061662,1.4428253139804625
0.6959550463219641,1.4716450427751913
0.6248020943523608,1.4277498104791035
0.1477711898913926,0.21495017969582003
0.9746428209270777,0.8476469096417841
0.28772963850188343,0.5285644942522182
0.4197236686808931,0.9301991391204383
1.0673606413569827,0.5353035156600582
0.9554839619158437,0.914917877794035
0.3250959579117607,0.6364983671180181
0.852979813997676,1.2436160876639828
0.221068715327203,0.3590274640060248
0.6658663234789064,1.464025430335143
0.783992655243709,1.39677799948987
0.7798780588030323,1.4034591489436343
0.586097360713791,1.3687250352444527
0.9943257811495758,0.77860187738119
0.35736464519211736,0.7347899680736557
0.4752379001868936,1.098859414044873
0.7230320025368268,1.4640904179207193
0.6112098887318129,1.4096024314087894
0.6507042222557737,1.4539988156660588
0.8113357849571252,1.3449961603490093
0.7782870701362371,1.4059622284523696
0.6903456613163148,1.4714891177436469
0.9246532562816495,1.021351791261863
1.0644608356602285,0.5443187940211983
0.8097118581401224,1.348418850250798
0.7709751796404857,1.4168842151099879
0.8446135126556039,1.2659623981804826
0.459700244158307,1.0529325269739234
1.0549779418624978,0.574259601515982
0.4892700457326719,1.1391210976331412
0.5090180764764297,1.1934172636454208
0.8497689263056752,1.2523012564815696
0.639500404470708,1.444025066156601
