0.2771232543318867,1.335287847125809
0.12599489809898065,0.9587692074843386
0.45082628461416063,1.38846840281493
0.41019231194855676,1.411498310964111
0.1803892034732329,1.1249863219359162
-0.09758753078962606,0.27052021645714114
0.24410593265191108,1.2778905143771695
0.27193882680338427,1.3273113503349634
0.008007397042790798,0.5605395517403845
0.30401867536154714,1.3704545301916204
0.5821904064480852,1.174634639418082
0.40672601252988977,1.4125013981174939
0.5754388137880829,1.1906144222370674
0.26493646250164815,1.3159228689089406
0.39181902460970675,1.4150705921635163
0.07459226832164473,0.7849424298917417
0.5866421608641652,1.163828330613582
0.30350369165712276,1.369878614745824
0.5385621515715814,1.2687595958459166
0.4727403411094514,1.3674953002549664
0.16619657504767035,1.0842464098952613
0.31511492802315855,1.3819474924386848
0.4296591193805394,1.4030470912144568
0.8766678768165358,0.31107578158135807
0.007777814846975539,0.5598001101353298
0.5124829513268109,1.3142552377338763
0.12600851509055705,0.9588137655161941
0.4815237342341352,1.3574137346101696
0.43494897541584515,1.399928288046723
0.4473946441649441,1.3912115794393338
0.5045262679737379,1.3264783867135665
0.7272371354637532,0.7439608342093572
0.8011983156825311,0.5110179932429435
0.45055295209984353,1.3886922751323767
-0.059919638810406683,0.360903605852628
0.7017337489928143,0.8268622998085693
0.33975369352014795,1.401282262487337
0.3621249710588523,1.4116191669007894
0.553378299623913,1.2392635972179538
0.09655320723987071,0.860225522626242
0.37933085330112887,1.4150230378940147
0.29642639015585287,1.3615799323102251
0.5102883834686799,1.3177044397931086
0.7075730749374537,0.8079347039374878
0.3406133900312547,1.4018050531846176
0.29132139217516206,1.3551482259670793
0.5186585163820535,1.3042315593252276
0.4018322956489317,1.4136576806616894
0.12602630497891815,0.9588719765381646
0.3013615480997529,1.3674423877048354
0.37586666212663367,1.4146506942130856
0.19805447738042403,1.1725483439745026
0.4591553589623927,1.3812005489519446
0.10094291397728618,0.8751465142866847
0.5842147618090965,1.1697469597324779
0.7996654737279785,0.5155713274322752
0.3134161755026478,1.3803011883757383
0.6070916825706132,1.1115514247251457
0.4748286371509356,1.36518516207304
-0.32639179336167357,0.023073805368108394
0.7181089666233993,0.7736772147371862
0.906603003034028,0.247142882950543
0.26481473666468125,1.3157186550650615
0.4218435296511014,1.407013128897275
0.38171834318633646,1.4151885146850014
0.35351408077110297,1.4084403274850017
0.34080231327176,1.401918581855427
0.6385184420583414,1.0235917204962945
0.4061786239760072,1.4126458627390026
0.7043742232533564,0.8183105633074201
0.4796361657613558,1.3596610831176492
0.45826371207748484,1.382019848727385
0.3900517242788237,1.415186365855662
0.5400977658628271,1.2658238540386288
0.7299983680746811,0.7349771430915877
0.5140159566727556,1.3118106764021302
0.15075513428728873,1.0376427962993962
0.8967139894536502,0.26722591317061
0.4352886364992376,1.3997160688642154
0.25522672058661555,1.2989651870905339
0.2222183726416897,1.2313589572736507
0.745822989822482,0.6836715470019937
0.6296087882293315,1.0493787209845822
0.4116423083088406,1.411033537122304
0.5091954926949822,1.3194000250437783
0.16157345790918975,1.0705293338663233
0.35727719963475413,1.4099517514567155
0.24770039756464052,1.2848941077467597
-0.06378634337938571,0.3508965334607263
0.3779889327767007,1.4148974086970991
0.8692116505847822,0.32844476145226653
0.5706315715397092,1.201686013505948
0.6629410059050489,0.9500056550536452
-0.2414354591674954,0.06653749200049042
0.9352109437672401,0.19481246312497688
0.4087864803300024,1.4119235016180836
0.5352961116156408,1.27490934137037
0.37265823714659907,1.4141656866246126
0.3863213125545478,1.415298467074782
0.5929682270471495,1.1481116918601426
0.5812685863833171,1.1768456834753724
0.5713436598966682,1.2000622600864186
0.7181828565035372,0.7734366880650065
-0.020971977271935782,0.47029541258155566
0.45868262773016644,1.3816361550330039
0.1812803323945096,1.1274718527774592
0.5037151949449237,1.3276805243933814
0.24257174975577278,1.2748457757542881
0.49823573801607296,1.3355890287378966
0.4166124262100412,1.4092387193914844
0.4629141856291926,1.3776380083486337
0.5096190938546117,1.3187445669797542
0.7321454030798957,0.727995878246061
0.030136956083844035,0.633288463015263
0.56876716600673,1.2059103921933867
0.7188621865580355,0.7712252455603414
0.2591556966417176,1.3059897729469343
0.6160606782717036,1.0873315130752594
0.2314941363666501,1.2518849018896228
0.43882195884674935,1.3974229489922798
0.28052075458211534,1.340304776346017
0.9290124179842512,0.20542879890746163
0.6181469238159468,1.081591667842813
0.1951937758694799,1.1650970292110736
0.3672008600749834,1.4130295895223746
0.5411800064893892,1.263737891493696
0.6780600202572151,0.9027154782051411
-0.047493647886350715,0.39414466545567944
0.12738203910856777,0.9633023526367569
0.2275543988441471,1.243309907745259
0.5127721803363875,1.3137962382456674
0.31584697175517445,1.382644366311344
0.6856252520191917,0.8786723067674728
0.7807254115524432,0.573074555675357
0.299847140721635,1.3656805069511095
0.5910747595266778,1.1528597092983746
0.4901790240929287,1.3465426512337357
0.6098296513787472,1.1042377219863162
0.2755544103705405,1.3329150109578614
0.8161258970484697,0.46756410306433377
0.504796975371499,1.3260753483673602
0.16943633270356978,1.093731995622104
0.6665345317863762,0.9388692748066854
0.5669146718737018,1.2100689596862528
0.3538774259831622,1.408594567289589
0.13712161841025383,0.9947738110046845
0.07918360575898994,0.8007360093566613
0.31667985725053005,1.3834280414130946
-0.094028242654836,0.27837235384191206
0.24348679905307374,1.2766657682903553
0.6404484426255252,1.017925187518716
0.6121780383424138,1.0979082680361363
0.5750881042200362,1.19143082577252
0.45696928832740946,1.3831916441004908
0.4492316163777876,1.389761390433777
0.22477536119423464,1.2371338607399023
0.24177259400463844,1.2732466634708814
0.0032391718302771932,0.5452552042106237
-0.11082805259100445,0.24258880011833953
-0.12075203619298666,0.2229730514516542
0.07434838566881422,0.7841032080423996
0.44888503230039783,1.390038217277955
0.49796848107728275,1.3359652669626212
0.4447528588709281,1.3932233997525527
0.6551638336243285,0.9738562835869043
0.3787234637988438,1.4149690861297703
0.8078621380639809,0.4914155663282326
-0.35293649518639547,0.015991888569440418
0.49966910812013215,1.3335560881988475
0.3142474801524789,1.3811119227090125
0.6828427449032693,0.8875408634324667
0.07131946745854764,0.7736794180155512
0.6999717443272959,0.8325614503836156
0.43085226414276956,1.4023742279990226
0.3748930075347506,1.414517779768603
-0.011382779013524608,0.49941983679450347
0.2825211475048997,1.343180788550907
0.42979999842258,1.402968572210866
-0.16908673475244235,0.14313506080093572
0.22580035176972305,1.239423973150296
0.6212416567939341,1.0730057228760537
0.11600941347532406,0.9258049647433263
0.5330768863421442,1.2790146792838049
0.036597048014779004,0.654990831786754
0.5406853963994942,1.2646929655846002
0.41542270731468117,1.4096967533575384
0.48790416349733684,1.349489887427767
0.4782970332448611,1.361228643401577
0.17338196922817012,1.1051384035473122
0.2450160098787308,1.279680989643999
0.16594120233039428,1.0834942087827184
0.4497152526925329,1.389372595129068
0.4138914691141209,1.4102599734743833
0.48573505245981863,1.3522403593597938
0.7174902288259088,0.775691252671221
1.2533160636080782,0.0040296189926126505
0.7464109736498031,0.6817740819208348
0.1280599689838533,0.9655134186679838
0.6370886433718945,1.0277715855580332
0.12086272139276587,0.9418966596336735
0.029969596508629542,0.632728620966167
-0.04373843912811276,0.40450732824358004
0.6382323100833832,1.024429436450036
0.5146934604762259,1.310721114162321
0.36707349659564964,1.4129983791461607
0.5391614387726529,1.2676172600412792
0.6769598378946131,0.9061928973545391
0.09145880321741684,0.8428404498585739
0.26987057007274806,1.3240210859871895
-0.014919867550084148,0.4885859795736721
-0.04873813484158962,0.3907424247290717
0.5471577199926639,1.25196450222058
0.13981542690056256,1.0033598912174233
0.19868022322010265,1.1741648980923627
-0.18971396826500286,0.1165128721408078
0.1651696049464399,1.081217515041717
0.6189911921179702,1.0792577627186677
0.23641491562590897,1.2622950509086486
0.7141260350157186,0.786638562985884
0.5256511433699678,1.2923179622727947
0.5543133713776269,1.237315114588366
0.11184905279923024,0.9119152870571142
0.4674609484910545,1.3730939241497757
0.284630839350965,1.3461514275822013
0.601583188952533,1.1260467572048423
0.6924455180919455,0.8568239762383225
0.21095664792321617,1.2048883010535232
0.6907975662067566,0.8621163950063855
0.18581682153916687,1.1399863215634078
0.41264743936119325,1.4106957433727552
0.5468656529532439,1.2525496089652566
0.6954378078424707,0.847194699980301
0.5734444607525415,1.1952388461353802
0.46409422275529494,1.3764833591969357
0.07021775738684474,0.7698878830063056
0.16146930712327479,1.0702179129182117
0.40194915416357135,1.413633623037556
0.19212299504251745,1.156988368716936
0.5374593326465489,1.2708504764385875
0.06372991211451193,0.7475690318554933
0.356989047661026,1.4098427408135863
0.20957949232600018,1.2015372790912955
0.34121903705069345,1.4021672730845192
0.2718662861421307,1.3271969932170118
0.11357443681880536,0.9176857501814365
0.6797922974820373,0.8972298900827641
0.8461171606683305,0.38576005486881443
0.35458357009030317,1.4088892413969885
0.15071915059714586,1.0375316575486677
0.22720801232954096,1.242545836404579
0.08057018757455463,0.8055025735151232
0.12545950130941688,0.9570163602595974
0.5626793302227869,1.219430210779124
0.6397098393082065,1.0200970262619875
0.7870741049168788,0.5535576368887993
0.6250424177124783,1.062346686258347
0.862757699475785,0.34393328139044305
0.30960171158678956,1.3764556547925781
0.574023334805581,1.1939011200544394
0.3252838221536217,1.3909528753055693
0.3532654895247127,1.4083337760846477
0.9580500600450279,0.15905786451394163
0.2947889118676493,1.3595576629037265
-0.02106188385287444,0.4700261068497671
1.1159973034930855,0.028473937420398172
-0.11293565842446426,0.23832858063220352
0.6230053810692187,1.0680749301386039
0.697795424999659,0.8395915175416497
0.6673524923539714,0.9363248009876864
0.7352525089828247,0.7179013723826329
0.38625025510120314,1.4152988568499474
0.4493635547635486,1.3896556141471783
0.5269180901693657,1.2900955938441767
0.36719979956823623,1.4130293305319623
0.37657217644479835,1.4147392473891263
0.49455049858790423,1.3406990902235945
0.7510403840945865,0.666864836504103
0.508441768930698,1.3205608319235875
0.3260696754111257,1.3915884880990494
0.28936377682051445,1.352582507538968
0.05354002087840207,0.712603239361323
0.06390684682152681,0.7481773423496231
0.45924817569690735,1.3811146949623079
0.4661272472206498,1.374453472410722
0.03983612968835132,0.665934876414828
0.37416195860966267,1.414409815628329
0.46772048865125043,1.3728267845724813
0.5264264182716469,1.2909603617129808
0.6841101914224863,0.8835046783186928
0.3312341209160606,1.395551588143329
0.592593143239858,1.149055192720401
0.2796186115574601,1.3389888607742646
0.4192129143957963,1.40817540787326
0.3533288803962415,1.4083610258270922
0.3690219922847847,1.4134523931476983
0.19013631487164548,1.1516824253834979
0.4827169701961233,1.3559702504068152
0.766621597549217,0.6171789185059459
-0.11827840827505165,0.22775704367490535
0.42772202581840546,1.404101509713755
0.5342567656512648,1.2768394238734018
0.9417099780013986,0.18410415555769039
0.6789526678491619,0.8998902834248588
0.14480422516640556,1.0191141127809564
0.44786879777694516,1.3908412866354178
0.49499585074650654,1.3400904816391679
0.863862722006093,0.3412517827573968
0.48544450345086054,1.3526043492097275
0.19386190143753643,1.1615940075933138
0.45839155042562574,1.3819029903227442
0.723073264146515,0.7575150814628114
0.3961071094781423,1.4146227614115585
1.0191902199861145,0.08733243219647097
0.07909998251582594,0.8004484865630095
0.6551496186578838,0.9738995451222316
0.31776494754445317,1.3844343503842016
0.40442195782775564,1.4130837562928256
-0.11269459995756603,0.23881326442747244
-0.06122419421871972,0.35750926271050854
0.2884764620272172,1.3514014006449195
0.43528321963937955,1.3997194646194093
0.15616867837028944,1.0542330657409187
0.5327375839802755,1.2796371121993964
0.6991775783852483,0.8351280290256344
0.2507954995479962,1.2907781752895824
-0.21969763460636327,0.08485662601365314
0.08308358016096393,0.8141374479565414
0.014176784559298106,0.5805372548602432
0.8168456866242303,0.46551164155252667
0.508899791690923,1.3198562672235297
0.48163258781399887,1.3572827844100828
0.2803283770453248,1.3400251486159325
0.36307030522769224,1.4119077837034728
0.35823458008335374,1.410305947756904
0.22557710447882828,1.2389263899533927
0.4157011741783964,1.4095911464030693
0.4528421080976415,1.3867886176255755
0.4712370042870595,1.369124804066982
0.7666380062830003,0.6171270734169193
0.7123706491627905,0.792347588144889
0.554069417688171,1.2378244457585519
0.7459582426405571,0.6832350049932467
0.21582027030508263,1.216525523189714
0.8650639242132458,0.33835071796141086
0.384211491497554,1.4152821866308885
0.4200268361176641,1.4078250991605203
0.5560694792517717,1.233628183699589
0.30775147260219526,1.3745159923529955
0.041196511659171764,0.6705425127917626
0.323498008524985,1.3894763965600518
0.4854029776105173,1.3526562858402171
0.7650583151803206,0.6221234110311775
0.5077517792953479,1.3216173449003539
0.6792110986669513,0.8990717440845444
0.17551850619091683,1.1112464215511155
0.3626288854137424,1.4117744958580005
0.27171583999240306,1.3269595797430778
0.4357365482471024,1.3994340099272367
0.42173432185650084,1.4070631121113255
0.6348700393446289,1.034226446350355
0.2821871711470691,1.3427046358871224
0.7094416948990682,0.8018668384564354
0.0061508125973920025,0.5545699314698703
0.007003119533534691,0.5573075504824183
0.7559452018670436,0.6511344077909841
0.22336176142556674,1.2339521725121247
0.5830957536661443,1.1724541810707092
0.16709987382725588,1.0869018322049906
0.8391470302421626,0.40406231082573907
0.4160720741106414,1.40944896501765
0.19913242486717392,1.1753301190672085
0.34897109558737655,1.4063614248841132
0.2581856380902095,1.3042759500299463
0.12101832909650682,0.9424104783086115
0.5927047216137533,1.1487746758692632
0.29422387318530996,1.3588509157888047
0.24211101905826066,1.2739249476077914
0.2197811255337657,1.225772704704836
0.01692744185955139,0.5895290678456959
0.19831411473235475,1.1732196760318987
0.5863825351588013,1.1644643606837333
0.1080488109250089,0.8991579938782964
-0.03205547292151767,0.43764992527069563
0.31105424504310325,1.3779443326262444
0.396027298750883,1.414633251488971
0.049845624282507384,0.6999724768852608
0.298189836973341,1.3637147709526785
0.23472565606515713,1.2587591122059505
0.49237346696564177,1.343638824941832
0.5919748747836252,1.150607234190999
0.8375272208634195,0.4083794946466975
0.268724313477289,1.3221710262806705
0.47126107260241434,1.3690989369738866
0.403694768584769,1.4132535400644257
0.4209577140618742,1.407414230858986
0.5968037893685936,1.1383806681022104
0.3429352936861325,1.4031664508733586
-0.09853559941660614,0.2684532280774587
0.25022874349719576,1.2897108902998082
0.26272305186041583,1.312176254165374
0.1452221153409995,1.0204248224583445
0.5126344121733167,1.3140150012894343
0.6701865960384334,0.9274821554843615
0.6500920195044573,0.9892102170646231
0.9677775296857865,0.1453906072152446
-0.12752235445584614,0.21023523526531504
0.35589103055791915,1.4094171417736245
0.7544456197450553,0.6559359606471625
0.28435714567538006,1.3457696638205843
0.8697831571703714,0.327093443661806
0.487910053932726,1.3494823388148278
0.3085461082942149,1.3753549928571247
0.22108893894058518,1.2287801463937227
0.7794861509253503,0.5769102439357504
0.4373130697042279,1.398421298203529
0.2382428995159575,1.266076674287484
0.7417236127227951,0.696921737223495
0.36678727852665366,1.4129274580246793
0.47753436948505396,1.3621114514537676
0.3069323848611003,1.3736417765472486
-0.053327718032676164,0.3783346487889464
0.35380166324107315,1.4085625527683532
0.23897991688230485,1.2675881952684753
-0.055275600784932766,0.37313561515004184
0.2407868643074991,1.2712618703971157
0.2416796524510065,1.2730601051411525
0.36288791611394267,1.4118530252004513
0.6608200218687006,0.9565452006034207
0.6015786796544885,1.126058501463205
0.25585251463581965,1.3000988198150136
0.18623384100650842,1.141124946178526
1.005026114078811,0.10109066682268149
0.3622968171959403,1.4116725175225524
0.1971779365942566,1.1702758100912345
-0.18363091475161086,0.12393159627096414
0.42533506650915714,1.4053360892856925
0.7313878178709576,0.730458747111299
-0.007561401723517325,0.511239442553329
0.36595334758241027,1.412714634823106
0.43178822785650356,1.4018339220954796
0.5126011066275301,1.3140678523753473
-0.2320851616761775,0.07397698050356935
-0.05450316313348599,0.37519249317821396
0.6527598836996762,0.9811543680686848
0.21291226530580662,1.2096046505169793
0.526153538274769,1.2914390421930386
0.45385788767251356,1.3859229997266278
0.8191576391219682,0.4589471206285902
0.13450257015488076,0.9863751296275124
0.3690993504664547,1.4134693827176559
0.2736574681445114,1.3299985182656848
0.6104147463751911,1.1026655927729934
0.522888388913012,1.2970963265209194
-0.2337483685129611,0.07260642786281461
0.5881531805215264,1.1601124771213567
0.3902244352894857,1.4151768256474928
0.07708869342550696,0.7935313936797985
0.24150486150598516,1.2727089250417554
0.20818462806247065,1.1981182548066254
0.41858879914997243,1.408438373562616
0.2562740817656372,1.3008593388454375
0.49099859223988357,1.3454651278376413
0.08185937229490303,0.8099325537044388
0.6740064173679086,0.9155018632952487
0.8604337544186789,0.34961228157568797
0.2126430563987553,1.2089583543388462
0.04000355531965971,0.6665016027475429
0.5078707407605896,1.32143560956277
0.26986674431723473,1.324014942698817
0.4447613897010596,1.393217043216249
0.2974685258506722,1.3628469343937377
0.8280252007877009,0.43417533702436706
0.41235668034341544,1.4107947722053695
0.44361311758403277,1.3940644900595656
-0.15172534249174954,0.1688923092564585
0.12332555946980939,0.9500127996984893
0.22801278551947587,1.2443185186707244
0.4937772025726889,1.3417500253404318
0.573758056920346,1.194514615578186
0.7535430185381443,0.6588294250679096
0.4643325657389646,1.376248042671005
0.4164533536164631,1.4093009954990083
0.4061203067945566,1.4126610292242787
0.531563822886156,1.2817795786683952
0.5583133847917762,1.2288649090599892
0.5791704574127178,1.1818438266242042
0.18444200610204747,1.1362184105437334
0.39410022372125275,1.414861744457769
0.5715103363101972,1.1996813728483855
0.8098869442154445,0.4855234015383482
0.2738969620127152,1.3303695956347041
0.1656405386362923,1.082607768228994
0.34631534584367085,1.4050166966271913
0.6516503909982146,0.9845102126336033
0.5222911520765682,1.2981170454928799
0.5249856665257316,1.2934774551464063
0.0007570658905546312,0.5373616037853756
0.013217866481203072,0.5774132785804279
0.5716741774376355,1.199306661894737
0.2393799345926046,1.2684054004740315
0.38327926698528975,1.4152566099381492
0.41419809268727803,1.410149562342176
0.3889989801245934,1.415236199877652
0.040996302715394506,0.6698640022137521
0.35029583578471113,1.4069964497800376
0.24737959228160475,1.2842764604115744
0.19210384603946185,1.156937449907029
0.465639856388543,1.3749447930150436
0.7077364081986125,0.8074045049075134
0.6795695839037161,0.897935845220795
0.9432267143818149,0.18166683506222672
0.8330772606983972,0.42036109051161524
0.0824007055275604,0.8117921487709072
-0.2299010872635215,0.07580853150871068
0.28255117920945017,1.3432235261662613
0.8351574887556807,0.4147380397518492
0.2530802770207293,1.2950344129905271
0.3301163705727185,1.394725285293986
0.16273453382345565,1.073993977651966
0.6942466902127179,0.8510306461912571
0.06670056451078982,0.7577855372998661
0.45373937572050127,1.386024654004842
0.3649352948222813,1.4124423260217533
0.3831158725060563,1.4152509651959744
0.4969131624162711,1.33744228665587
0.3753655006376122,1.414583831481996
0.0918110558599246,0.844044625761498
0.6071705813873767,1.1113416698082204
-0.1406497976342746,0.1870076974640245
0.41384658928261153,1.4102760344618621
0.13079527631187393,0.974404526182539
0.5063394559184209,1.3237615952837778
0.5746610621410451,1.1924230837735172
0.3753426832661003,1.4145807089805438
0.7290131809260969,0.7381818598893869
0.15865025677143538,1.061749417180697
0.3876580184760232,1.4152789645137809
0.4731286993296532,1.36706978625315
0.22178027741026995,1.2303606958776
0.3454312542992056,1.4045477765388517
0.37359123662600935,1.4143206553100451
0.6184683317337634,1.0807039128738405
0.6824199066747831,0.8888860580610328
0.019225895005233556,0.5970764610560423
0.6201681216473051,1.0759936879748728
0.6188696218165056,1.0795942241940277
0.4370294738049691,1.398605762954904
0.6937964244125253,0.8524797277945387
0.21086417303951113,1.2046640506309287
0.18840237226780748,1.1470134590528749
0.13844045608360797,0.9989841455338782
0.585739666048002,1.1660361775935415
0.011559950209778735,0.5720254981474505
-0.004436383703827207,0.5209911247884473
0.2955216938078219,1.360467397107663
-0.07989300359224921,0.31098668750147546
0.5473300123058722,1.2516188700537336
0.24853149971071406,1.2864874516839613
0.47196286597480464,1.3683415299540798
0.1996039772199522,1.1765425164571344
0.27391851858690863,1.3304029553129113
0.3712882714891802,1.4139173990385658
0.6106964961611815,1.1019073921520934
0.207198217324143,1.1956853508588225
0.2663411327322671,1.3182639989966787
0.3828922093899584,1.4152426762588994
0.5006805722104642,1.3321062460838395
0.11581933112985564,0.9251722130160918
0.042308803719617594,0.6743145317051144
0.5359100800814802,1.2737630738077081
-0.13207726473536974,0.201957262530208
-0.01939179910233138,0.4750403119717047
0.36174358471595996,1.411499357919996
0.3829184372460872,1.4152436818888952
0.5029483950613216,1.328809572950529
0.808750712906296,0.48882606367349246
0.22531345668160901,1.2383378899992692
0.6173798703137213,1.0837065980038427
0.0401289578584019,0.6669261477790795
0.22584183690977097,1.239516362523221
0.890385568404902,0.28061660681058326
-0.11595828383743237,0.2323076715368202
0.6859337904801892,0.8776872108611911
0.6803220683601745,0.8955498238640128
0.17556349751595196,1.1113745195459517
0.273510799310544,1.3297708577511598
0.07892606484278453,0.7998504841928478
0.29864209270513686,1.3642550952293016
0.4912978859921198,1.3450695578988505
-0.025424712604189575,0.4570446828645543
0.21565385702448575,1.216132464804232
0.1371354384184868,0.9948179971499705
0.45727916720327144,1.382913019648874
0.5929455318760327,1.148168821498904
0.9131941215610261,0.2343281787227012
0.5543780593286537,1.2371799412088347
0.22980974010967914,1.2482447661425455
0.38433902653395846,1.4152848089405925
-0.1072907652038679,0.24985354753939282
0.9574340845587499,0.15995412921217853
0.6308770094727714,1.0457465884544108
0.17148370661631646,1.099671007158
0.0599636804594664,0.7346282457244202
0.5552475146667543,1.2353583669315245
0.737067908055302,0.7120090967392712
0.2077338318039092,1.1970079460434062
0.4220605345519168,1.4069133630420882
0.07279311345857076,0.7787510132138514
0.5736647180534957,1.194730290039596
0.5644203558038581,1.215606834002527
0.25060273610209505,1.2904156855931248
0.3797045482743382,1.415053840687077
0.2062184256653086,1.1932564739495126
0.51632548173989,1.3080733573283894
0.34229815566543376,1.4028002198763816
0.29946489819663485,1.3652306157571221
0.007272364010388832,0.5581733822543338
0.6928731220568081,0.8554494378954207
0.649407411866208,0.9912699006674709
0.9622387740675155,0.1530609747841288
-0.05434945774988029,0.37560254133369225
0.6875311260213344,0.8725820471770591
0.30332124716748693,1.369673676013328
0.556231977015156,1.2332852047807439
0.6866079150374744,0.8755337328837545
0.2216205198619263,1.229996024874542
0.2074702728283585,1.1963575969385536
0.5295177386893413,1.285474408687639
0.4443054079414036,1.3935555347016577
0.27452653485568324,1.3313411248669524
0.8532678742548707,0.36745792963176444
0.23496360727376883,1.2592595842454728
0.33193624805087096,1.3960617793279264
0.30523208468640706,1.3717965520987543
0.14004932035682988,1.0041028206951608
0.09475393268049578,0.854093084494076
0.3004585077605936,1.366395726997614
0.49560486806031684,1.339254236864953
0.12243077303332678,0.9470681146423757
0.17380281414315485,1.106345377957845
0.22718080823498848,1.2424857594533267
0.25376792555824806,1.2963008556797937
0.3856269726261295,1.415299474829081
0.7434527527866979,0.6913283995671813
0.17030624707745484,1.096260740551013
0.26953450304977755,1.323480634775675
0.311185668172909,1.3780775497671713
0.12146174592836292,0.9438738989433412
0.3357088001473406,1.3986862730341847
0.24993247520842493,1.2891511573520802
0.7171156908756853,0.7769103257390243
0.5637369595123702,1.2171117379520124
0.3231911652641775,1.3892182137844042
0.6585744800462476,0.9634406400690776
0.3482268210286653,1.4059942189414691
0.428317571207808,1.4037823435754093
0.38044339009923767,1.4151093847120881
0.7369843628350361,0.712280157953954
0.4922232566969727,1.34383949501998
0.4768262917470264,1.362924609504603
0.08320985640518702,0.8145710711691053
-0.07760713208771278,0.31647414562423715
0.5758881084052924,1.189566540816739
0.5730821545167167,1.1960742079242561
0.49836196048972287,1.335411028433227
0.5090725822981323,1.3195897964231333
0.3172938323018111,1.3839994775743596
0.5180452396446702,1.3052479027602335
0.27518252478721683,1.3323473380483806
0.2753258486612929,1.3325663541837311
0.7089788275834205,0.8033702983051247
0.02959461140691455,0.6314747045653047
0.27016897565607256,1.3244996073017985
0.9287843062826757,0.20582704994586043
0.4469292895024012,1.3915722766011533
0.5208029027190566,1.3006416077075584
0.7080758428381366,0.8063025435199963
0.6511253999942628,0.986095350646603
0.12534413069942296,0.9566384164703386
0.41078387057015037,1.4113119106328746
0.6395555531740349,1.0205501879026984
-0.38322862092588406,0.010306892212749918
0.3077026888277644,1.3744641924783532
0.47305802313764944,1.367147363764185
0.23387775353644275,1.2569693820592427
0.5059369829400473,1.324368143465967
0.5080939089256905,1.3210942089545101
0.7372714727389151,0.7113486777145434
0.32766098585196446,1.3928491892508108
0.4016053075846518,1.413703913060534
0.6785362921770366,0.9012085088064405
-0.13796551773477653,0.19160086011242852
0.6079883095187312,1.1091642043715368
0.8810569947564384,0.3011179125004139
0.08314237013845883,0.8143393309896777
0.6878067531632062,0.8717002616497768
0.6306988021726604,1.046257755460536
0.23056856948996235,1.2498894883263
0.4506982957081085,1.3885733476427327
0.21939995883604851,1.2248918773298318
0.39887994124192055,1.4142076698071386
0.6568374888074335,0.96875400111343
0.5276518909934509,1.288799493367947
0.6471000496989352,0.9981885079314201
0.18714782551109443,1.143613461353794
0.7652467720102656,0.6215268084542742
0.33980814666263803,1.4013156766366508
0.4878706150627157,1.3495328716581343
-0.0986874302310268,0.2681231647637899
0.2879343404347838,1.3506742035655197
-0.04962146709009843,0.3883372672753217
0.42713034163177144,1.4044142024362107
0.42147024138091504,1.4071833589932865
0.24001683931735424,1.2697019311134388
0.11817840137592052,0.9330119989905541
0.02398590281388921,0.61279955675544
0.32220435979354406,1.3883789625606064
0.5489767183532486,1.2482977305661047
0.1211520867783643,0.9428520392118824
0.2605100128768171,1.3083599165632829
0.33064369653218295,1.3951172737770752
0.21715326818181868,1.2196608031805167
0.26741229281110573,1.320030194363159
0.22129576897070904,1.229253676272739
0.24261827789707893,1.2749386022750282
0.05343168620523778,0.7122324297266294
0.7721913801928135,0.5996481891765199
0.2731633314861177,1.3292302774241025
0.2524675478812972,1.2939002720375954
0.42152134014033843,1.4071601600292039
0.258429270815169,1.3047076485307778
-0.1194516940475934,0.22547920812188138
-0.027831226117420005,0.44995831468477215
0.7080730889993988,0.8063114843760759
0.10666245669818873,0.8944886861954942
0.12866611063803346,0.9674878684273831
0.30217557789192573,1.3683758921085036
0.03865015377105624,0.6619232757792263
0.6379197117651967,1.0253439316501305
0.37343680044994476,1.414295793605378
0.6055267235700629,1.1156995408784018
0.22194930127726006,1.230746145788222
0.273256251813784,1.3293750107125193
0.7922184895129383,0.5379162933001523
0.8470872001489547,0.38324878246539795
-0.16443260051618575,0.14973081700237556
-0.0331110289704821,0.434600705040854
0.09250843452153315,0.8464277584812918
0.021533026203881256,0.6046820930618669
0.6319610716798801,1.0426315628881173
0.9031989699304164,0.25393992284782935
0.1059827359016772,0.8921965085969764
0.5136596485771723,1.312381428870953
0.08290557784388278,0.8135261655883902
0.8076167226357323,0.49213179025074544
0.45147769996164594,1.3879311119079525
0.8364197553803655,0.4113448081854324
0.17167042533888516,1.1002104730680273
0.35915521483532054,1.4106349756673953
0.6091644261545486,1.1060212327363539
0.06778843020510256,0.7615282706246638
0.5770317379532007,1.186889233647723
0.0403211230353262,0.6675768215890316
0.3773013516046353,1.4148239268169123
0.7836193557656999,0.5641499076734691
0.6600489232170736,0.9589163428289259
-0.030178327497183938,0.44309870464506357
0.0478330141728916,0.6931052988021925
0.2828454369048835,1.3436415913852413
-0.23797681805498494,0.06921470296434115
0.49270457320792116,1.3431955037760268
0.3701679000657865,1.4136959799961382
0.17623329509776037,1.1132789693936727
0.47542471703259637,1.3645158234725832
-0.04305691796279634,0.40640342460312223
0.2650561891437066,1.3161235209253694
0.16408223151974843,1.0779990649917783
0.4646169350091718,1.3759663603822556
0.5554328418323276,1.2349689523936647
0.049945369253446725,0.7003130799630559
0.21003056969579056,1.2026375797863564
-0.13254450454354308,0.20112130876847434
0.676767195195743,0.9068012632862736
0.5930922867365287,1.147799307472247
0.11258437509470792,0.9143762474528025
0.3457884108570691,1.4047384920532149
0.4926324149110872,1.3432922329108081
0.4299291791953719,1.4028963547167925
0.7141931848291869,0.7864201232358098
-0.05603635538601098,0.37111604803742726
0.6609057163609058,0.9562814771135789
0.4106106368960144,1.4113669554772688
0.18297350311753516,1.1321699355682753
0.140390299049361,1.0051851454173488
0.3014599479216661,1.367555732744559
-0.08031889746282583,0.30997080951006734
0.1932273585052209,1.1599175613807933
0.3279633193384652,1.3930847218421838
0.3501493287545638,1.4069273888504397
0.26447216186577593,1.3151427894465337
0.5434587803458416,1.2592999147327466
0.48664689609972417,1.3510912337132233
0.6914787938242738,0.8599295901201692
0.5599078450852483,1.2254447927994532
0.5111225922605815,1.3164002955170535
0.26046004287527097,1.3082729330067235
0.3552267973159362,1.4091518221779806
0.23043600414968707,1.2496027295305172
0.22514496594716604,1.2379613009596582
0.2282551663379391,1.2448506825559353
0.4841691149516006,1.3541897254596729
0.3695428087457683,1.4135652515364958
0.8710644965635995,0.3240757680751652
0.27858523090369086,1.3374670890241829
0.055456997541000336,0.7191685384524111
0.16325407174718481,1.0755400419137617
0.24632165346703622,1.2822292887826432
0.2816246708520255,1.3418990389812493
0.2790015650898478,1.3380820418590977
0.26939031844352734,1.323248263286044
-0.2050604433462912,0.09932444522553117
0.3590633947681794,1.4106026689026705
0.5977061273686912,1.1360696212315637
0.4491360928108736,1.3898378372762332
0.27993963865133953,1.339458474052562
0.7096473507893324,0.8011987550595291
0.9258462093939961,0.21100472861349914
-0.015620475952434765,0.48645249586661926
0.2619301834688771,1.3108170516665565
0.5520619305499858,1.2419892692843
0.3888531974638692,1.4152419738219204
0.6448603722905081,1.0048691849651736
0.33140989416014205,1.3956799525681163
0.3943442580460532,1.4148354441317224
0.4250397105408329,1.4054838820701818
0.791025092253151,0.5415303340603232
0.18318614543364575,1.1327576771369279
0.5363912175595633,1.2728616263466133
0.396816533986848,1.4145259300688457
0.4443841048915069,1.3934973002674784
0.8259656251231207,0.43987011820427324
0.41567916920057446,1.4095995272762059
0.4690315038911842,1.3714645887563008
0.2948553742625055,1.3596404924305374
0.7712105263138866,0.6027252696934997
0.134506250572816,0.9863869662116498
0.7446064470813851,0.6875999387947392
0.18839237726775873,1.1469864436056432
0.6248498335526649,1.0628897584716324
-0.000699747664361372,0.5327493289895407
0.5559052131113529,1.233974582690405
0.17247529692181282,1.1025317224937958
0.5932248359863137,1.147465370810308
0.32175475575793333,1.3879920621426098
-0.011964853479770526,0.4976298563954743
0.6369680901071855,1.0281232994511023
0.18906937890497788,1.1488136707453123
0.4209558059487848,1.4074150842089546
0.2732883501174743,1.3294249782982033
0.04880791592997949,0.6964304407778003
0.16912126641846417,1.0928142120644044
0.5424193368360776,1.2613319479657943
0.7534173922458306,0.6592323423111198
0.3236663523230967,1.3896174839540614
0.59644769247603,1.1392904261079493
0.4316595810981106,1.4019088364358223
0.5763240526872089,1.1885476672838502
0.28911468256979034,1.352252081671129
0.6698917020138719,0.9284041261592019
0.5479741447713196,1.2503235767163803
0.5902678720237411,1.1548717213668664
0.9623398885345151,0.1529183103402182
0.2112824016127706,1.2056773670545922
0.5784111464425017,1.1836408334881408
0.4694339011304396,1.3710421986285497
0.04488944494516989,0.6830813523624129
0.02342836409148441,0.6109516897816486
0.17882455832274757,1.1206009034350715
0.24484765610965087,1.2793506527086167
0.23147515807829638,1.2518441051995952
0.015714652116699118,0.5855589587893378
0.6429798159984083,1.0104513823383263
0.25799644768761626,1.3039401329142195
0.013822454651697402,0.5793822597088423
0.6796966025608595,0.8975332474641226
0.5294817063018222,1.2855390213961184
0.17618595261167508,1.1131445184386302
0.38551357671202147,1.4152990464457311
0.3841480745735739,1.415280804154287
0.6257198481475887,1.0604338873810002
0.8186285733422146,0.46044555666969034
0.2798262815272449,1.3392928197929326
0.38329037650677134,1.415256981149554
0.21961367844739,1.225385994528883
0.1503171882976817,1.0362894027029388
0.1922627041425556,1.1573597347765183
-0.22283348773456532,0.08198810839510005
0.47908982208028655,1.360303309954078
0.6767965070022195,0.9067087068878406
1.1072623974272635,0.03177930905013516
0.6334524788844027,1.038330675781905
0.1723763899625377,1.1022468411697828
0.404037348447964,1.4131743930860288
-0.1903821748963816,0.11571935851358224
0.6397212465907197,1.0200635143157597
0.30628941938005744,1.3729488485077457
0.02082195919039062,0.602334900217777
0.420749369373159,1.4075071366024685
0.5728650808600122,1.1965740100964217
0.7453299532311053,0.6852632292794979
0.5259457190418158,1.2918029864221388
0.24095599125953054,1.2716033802910038
0.4508023223642648,1.388488066243668
0.507748108603582,1.3216229497773795
0.34253041532163714,1.4029343667768899
0.26533553885067174,1.3165908863866647
0.1529253873045048,1.044324962158797
0.05945836201830773,0.732893270923583
0.13827924134441394,0.9984701642649338
0.49903333680947853,1.3344609345922676
0.7449839951517624,0.6863804247253402
0.35494243472334913,1.4090364246285947
0.5793964088234911,1.1813078684784408
0.6869094133926428,0.8745700994435609
0.8464804855620287,0.38481842914196007
0.5066740748094141,1.323255785767717
0.38733754459685055,1.4152857457216355
0.45657712725563804,1.3835425390794982
0.18787886567380757,1.145596908162809
0.5517767278367739,1.2425771311593738
-0.01831946762964537,0.47827272889524364
0.6649075747264623,0.9439198644242558
0.6489261639009938,0.9927158899571019
0.3380472164562953,1.4002144908784735
0.2576001930092509,1.3032351117205254
0.5332171922114923,1.2787568886812155
0.18992687867823724,1.1511203533781058
0.11570841074823006,0.9248028936391743
0.28082630534959463,1.3407478082577942
0.4100341278706005,1.4115474037863804
-0.05311746466939682,0.3788982300358079
0.6289469310898081,1.0512690388861974
0.26228921308359965,1.3114336491790715
0.5159525617899617,1.308681256096143
0.30377638163750503,1.370184040136133
0.6423216439372684,1.0123991006639128
0.2700385282378282,1.3242905805065197
0.4768262951954343,1.362924605559612
0.3084162404189625,1.3752184879777705
0.703925096158954,0.819766042204596
0.10678073524135906,0.8948873601457161
0.5872726320794396,1.162280830312435
0.47251194768762905,1.3677446701243767
0.2629138988411901,1.3125020721492704
0.350838846119167,1.4072498834494547
0.148166795968253,1.0296202129181466
0.6537847051317882,0.9780476079022051
0.09655530054839828,0.8602326519280572
0.19240990429330157,1.157750761401438
0.48103731699948593,1.3579970948862872
0.20422927305087735,1.1882879171027134
1.1477915669992074,0.01881351264748859
0.136811494779148,0.993781898654651
0.9542758795125682,0.16460777699111118
0.24370337859822308,1.2770948113429283
0.7480270611930611,0.6765631384396646
0.1907799394762708,1.15340650838235
0.37165295811251275,1.4139859054213892
0.4470443532238517,1.3914833416661614
0.4916177341369742,1.3446455947712688
-0.01629304211869914,0.48440832668576833
0.41637201536300866,1.4093327156807949
0.44534449872529486,1.392780403361673
0.5400630568437692,1.2658905218605783
0.7774269115919881,0.5833017837367598
0.45403792715605745,1.385768235349909
0.7922286158089256,0.5378856653268662
0.23648234999737924,1.2624353812713516
-0.0840050613839797,0.3012641295548749
0.5228689672617686,1.2971295879734834
0.17272359755062938,1.1032464483332256
0.3427177633606713,1.4030420367173166
0.5572108261127112,1.2312126829721353
0.26909286041987596,1.322767926206405
0.08801234037306399,0.8310445230477791
0.5099617801435405,1.3182126953552027
0.454931305916657,1.3849943070751123
0.3128227029241063,1.3797164210687514
0.26056450378333385,1.3084547289073072
0.2980922552683283,1.3635978027365412
-0.006947502266531458,0.5131491128846286
0.10837937455472196,0.9002701726145748
0.39822039033181156,1.4143153215054378
0.6345830232039322,1.035058709830091
-0.028522545043569214,0.44793252337019496
0.044983998206129194,0.6834029532682591
-0.1036610809460913,0.25745756020990684
0.5068324836619673,1.32301585355753
0.4337490999873783,1.4006664168784793
0.59951991659766,1.1313993687765438
