18.13632777160302,0.04404924337712142
9.426996309881238,0.06841992528233737
10.285258348391833,0.07693627908604901
12.473691816466017,0.03711691818237249
8.046206888949026,0.08968667638468311
12.424787223308197,0.03666286324690626
28.701376002684878,0.005054146382977184
18.75947314079161,0.03579895602397755
14.62919851183254,0.03736219076855856
11.782290163259352,0.04050557121227875
15.775571127268941,0.03903508515678181
8.546191773411277,0.06286555366986377
18.300518738546252,0.04429051572322969
20.97854247048835,0.034362503551501805
11.138757987213133,0.04543924086241441
19.606272271702384,0.038483395122372456
19.5419290368256,0.03933891833161069
14.239104577366396,0.0436957667931875
17.1068448849356,0.03568774747617101
7.472623347035145,0.0618701889002594
13.534763172414964,0.05460847193721155
17.636791476515484,0.03681282731140306
17.976497398056498,0.0415148315370556
25.30602334506856,0.012285682168228743
21.66605278701443,0.03300214747089579
3.7998729433475935,0.022252349328770894
8.770917958706269,0.07247968282954961
11.41690796198695,0.05068512157704926
18.335668656893095,0.04377656601715462
7.1357783403960795,0.06179213726753409
4.182235686758159,0.028887051241430827
8.41942550415562,0.06620152519480905
5.6531548004406025,0.04719397580413992
8.36799006575671,0.06923092512184241
3.2675646731558783,0.013878826655807397
20.767119630852797,0.026064408964697618
10.159082980693302,0.07660263955043126
24.91388872409122,0.020431866663599706
5.2671794030631505,0.043974653478864624
14.781309157560067,0.029354753414371326
16.42381642364661,0.04538787328380656
19.71849656889885,0.03656450955986307
7.934138782401186,0.09147895299872551
7.6961741139729165,0.07897101819498507
16.803571001644226,0.040756376732997736
4.623417620267763,0.020980071319666727
23.2488781383141,0.018759883324841485
9.285378304293676,0.07253450614093139
20.05629611369255,0.03016457646875548
28.50406134505045,0.006896853607143936
10.76616389913103,0.07201084737831645
12.255585844807266,0.03300834171728366
8.46532650098254,0.0642063572020938
10.00946273424259,0.0764485471092433
16.03760607657575,0.03905623350230298
7.767376439826151,0.08469491843919294
15.970256846753754,0.038226378139607206
8.956633931733355,0.0806686289359623
22.322666562311255,0.017041308695056517
33.57785820245182,0.01947818650992488
22.06145552661061,0.028306349312976715
9.439509279787575,0.06827715093722371
14.133251787169947,0.044612749983404525
11.375154612863179,0.04974965144248887
6.820330853019215,0.046731497750460656
16.584705732449653,0.04404954264698149
16.011720625585163,0.03868255830667734
8.461648918037605,0.06433645925781609
18.29720314999329,0.044328183447314415
3.9212611216293336,0.027984898756655507
3.2239599163685075,0.013522283225886701
4.627107746422963,0.021103322895146714
31.076805857244246,0.0063474487267574705
21.875762735374632,0.03399060809177542
14.915333992124411,0.025792118565564803
20.175213991517086,0.025755865844491473
14.734740994013082,0.031576393295134064
13.90585608009684,0.049051218996507974
7.293977484204964,0.0603599835571247
5.2419736427998975,0.04174027886060766
13.654539829441442,0.051362862138382134
16.303340173356496,0.044460678789625535
12.088379394103605,0.03028805793190913
3.858698627263016,0.025033855696396025
5.23269795772088,0.040910094519513204
8.165258005206711,0.08356425383179081
23.56869726480155,0.016832910605974624
11.603432666114408,0.04917531510475667
22.000707017828937,0.030991934353868895
10.491907567097853,0.080613998519027
18.52549090286285,0.03838621582631867
8.855791010351783,0.07729180842235207
11.69627750262626,0.04514709639383099
7.91725202774918,0.09131641052038751
10.393866783968173,0.07871617321957813
5.205105186225511,0.03846019677898163
6.765865055408141,0.04431931863045744
30.282495510226497,0.007083988315828893
16.668653395485883,0.042792312275756285
19.668961525238668,0.037417207275868725
12.301432139160363,0.0341970764248639
23.949066870982715,0.013434023280488098
7.718145075577057,0.08084720385614882
18.095014130667145,0.04347558664897959
5.784020781559033,0.040078519585824764
7.57962254865121,0.06877399288358618
21.44884289921554,0.031069333623153658
21.87031809887114,0.03404307375176757
6.975204672623742,0.05561332253505724
6.423181570359791,0.03688061199626794
9.488187860797218,0.06808192700358912
5.713223695283123,0.043747833104575466
10.444779087361685,0.07979434501196023
15.539799854940298,0.045904572515040064
4.07086050804726,0.03150659443725092
18.237066956000092,0.04468487206442713
10.664945044455166,0.07842260568773268
35.27852283180026,0.012348467577963668
18.148992558530082,0.044197196850971676
5.8567981024949125,0.03701915069075691
32.47730135579443,0.011593711046749942
34.94453072532008,0.01334797250967857
13.419057721160812,0.05647151027597935
8.02687282847055,0.09032102704467485
15.797854858665506,0.03865030174622921
11.137727276979591,0.04545428185380363
11.980004313187402,0.03167605978413332
35.168389451165645,0.012486515442059158
11.925359156576198,0.033462706076562654
17.279489532418914,0.03423915935840785
6.997448599411834,0.05687814600054967
35.376021832225206,0.012382568846029259
8.746898928883379,0.07097820722977496
11.191159236701886,0.04524989778222601
9.164647510040364,0.07770147043623904
6.759733527825011,0.04407865160862591
7.841389573040882,0.08908099244969933
14.562926151337416,0.04064860458563932
8.501505666290603,0.06323572447545396
14.6728309950569,0.03494380417177152
8.539310015424082,0.06286094259494296
19.03530323264748,0.0444758746667545
13.345870952105592,0.05569149572934997
13.673224427377193,0.05096764601039962
10.484457634427018,0.08050674089913108
6.924002881970126,0.0525364421661325
7.208685707015689,0.061735757968535615
9.366039742693463,0.06967020324828717
8.924717400722093,0.07994787312283998
13.8170099793518,0.04955022053962489
22.68815033194388,0.022714618184087997
10.67999878274962,0.07770133578760965
11.783508670185999,0.04043826928317878
10.95523687648428,0.055079965134230024
7.041443668841058,0.05909150366574754
6.105096365012705,0.03253069464845128
33.09626410831191,0.012208078958294942
35.400522733952414,0.012384110921537995
27.965294191943403,0.005458976457551585
4.122952641589103,0.03081450571603609
8.675969193960949,0.06678438475472931
15.379536581456897,0.044920313665634495
12.35815217289016,0.0355341749933361
17.930907890100414,0.040790013649845615
16.051340765626737,0.039279964241983045
7.983381080804028,0.09127669015734345
15.167380437964935,0.03275865622423967
10.249197767098373,0.07667486138023515
8.146356016435117,0.08474392430998266
6.348572903068108,0.035884347249108266
26.345582138841866,0.01728522987724687
9.924805053948702,0.07559373652312319
14.302990236388666,0.04394610743888211
3.2273055024945196,0.013557172990298396
19.339001482018706,0.040439402634743014
14.475011863803054,0.043508708251690426
6.375726519415039,0.036266560238035324
16.24053932096291,0.04331312692427135
12.286068204675797,0.033801415390022675
7.771045514993826,0.08495624673964391
17.49417267405472,0.03517471625848103
9.345185472033817,0.0702971243749777
8.492853906650542,0.06341509250163344
11.000631108220306,0.05153233596117664
9.368871895224077,0.06959240291821998
8.622606585946215,0.06437520988491124
7.545861547102522,0.06617690062702417
14.76160126364135,0.030248362755369552
21.46095127967608,0.03103486437442719
11.327537616867568,0.04837562792988781
33.00271845254662,0.01354955536508015
25.443807715934053,0.009572680678411662
15.494373797075546,0.04658424226953047
7.137204169560751,0.06180793085284856
16.44942817930562,0.04534377629919889
14.423804080892342,0.04421133010791123
10.930634400056627,0.05721036297764865
9.590405711406087,0.06917299281974518
19.589349724982547,0.038740543765368965
22.79271783213198,0.022160441132751146
16.244461961921935,0.043394300819098036
15.367276572681451,0.044442998778259295
18.272573874766856,0.04454876653053589
11.334418518096989,0.04858478287646072
20.940992772101207,0.032896403437697994
13.438504372351746,0.05639037042590449
6.6954044555825245,0.04189121479569342
8.591559949801823,0.06345094286159504
15.823331919674837,0.03831163311413651
4.182040842603784,0.028894988996816987
5.291318176718492,0.046034669560353715
7.815498218329046,0.08777301291415994
10.773458554154526,0.0714247573547877
5.585722300285511,0.050862798638624356
16.65520462728225,0.04299923725210665
3.395140934669233,0.014309713880396811
32.88840799944086,0.014466454606949926
16.77175723181541,0.04123091341196589
5.411809326047222,0.053279766121461444
17.16522509002389,0.0349445084295989
24.837139695431254,0.020349327760341897
9.405981038239133,0.06874789066005187
20.100977303183818,0.028524129022722187
15.358886002544727,0.04408679359980575
11.711533179287196,0.044359359705923536
5.378078087713159,0.05192908221736811
5.495494072041631,0.05391188301216359
4.699274410388553,0.023500544358193858
10.966740757887594,0.05412819820367058
12.570067710216932,0.03724931701712024
15.270146948767547,0.03920319685810389
18.743335641344217,0.03549394488282211
20.68205664570593,0.024372990858414774
14.445330946174105,0.04399910192040555
35.42354936928096,0.012373517592724618
6.630422546618479,0.040197829278662
18.068934270138,0.04306302006301728
7.252089703587463,0.061095633140432294
5.6591827305641385,0.04684547461813651
29.008870900870786,0.00330040698424567
14.336253807375783,0.04415483593691852
16.48585225833403,0.04515066081433786
9.892811252289928,0.07513250332948995
14.04802249050401,0.04647106001652367
17.444087211776882,0.03475342681979745
3.4281676971666,0.01444126549344406
20.937971939951122,0.032770415273208904
12.94088887090863,0.03828538778156555
19.419874378609634,0.04003576507729681
8.301543774120567,0.07388492633640137
7.599921526017622,0.07046464920961096
13.73103145350997,0.05008804338440261
19.85034231083939,0.03472468072168656
26.794532904127134,0.009263904262436791
9.58477606340355,0.06907527432700303
18.07360963645337,0.04313893241360463
9.065525317817595,0.08060852086194535
13.271734053722293,0.05321105081805211
14.691057460769997,0.033926666894556784
18.683556828980347,0.03507303936676465
13.889285925548041,0.04919342516774859
21.83726193187233,0.03424187762130477
15.633798508719435,0.0431050329869873
5.4134863329139105,0.05333070343152715
7.78885979376401,0.08616554162967142
24.57102733348095,0.015962891539346175
9.043891337975507,0.08091647389108211
16.1956752338739,0.04232909926694667
21.21528451527638,0.035620293236616835
19.559099910712312,0.03914530761131979
16.98246840249556,0.037805631687481314
9.734169833207629,0.07215861108876176
11.834970788380692,0.03765235212441882
10.100045082069533,0.07668964339694963
12.331042925549328,0.03492708579882497
14.150871281850938,0.04432653572625189
7.654436467391165,0.07526892543975106
10.645065190576506,0.07923788676098603
8.611036521340974,0.06398447513111767
15.730780122196943,0.04005473536963438
22.424363407128688,0.01704600138056236
11.923449812752075,0.033536879311758146
14.130967812582245,0.04465327463618666
17.15276493429241,0.03508286923219195
12.960171332354705,0.03874719691949258
14.135269529203654,0.04457757594874896
21.081928540372,0.0367884028361801
18.836594007364337,0.03818424907341235
7.965948831931544,0.09146042277200286
10.354419848464499,0.07792531897507163
7.527415351093709,0.0649021319068566
11.097462756339105,0.04640638095302372
12.139106293378019,0.03061711238327104
8.992848271135692,0.08107360043746725
19.910174917278756,0.03388111800009715
5.31604218073906,0.04800109926658657
15.4147275345368,0.04598221477404277
8.703611657906904,0.068333249754344
16.790417980061115,0.040952924353139054
18.209007962352924,0.044647501772213855
13.289404246212083,0.053936894639592246
8.973412343145593,0.08091081365334567
7.722927433081508,0.0812449379082219
17.722964604396125,0.0379410160312505
22.439839359862265,0.017285315624709256
19.836099100421645,0.03490477081496679
14.519502417717328,0.04231755770180733
20.85344198470466,0.029125814688517923
13.395660147125065,0.056412395926026565
14.104848178638804,0.04516501342983071
19.40278150790016,0.040091318286906846
18.263429302365125,0.0446041419726223
19.326933689634906,0.04054789142982899
19.240495131018314,0.0418414810765558
8.688200748203597,0.06745042672196867
22.18753087649223,0.021682363433787284
19.551648746032534,0.03923270622107492
21.004645172134342,0.03523276324592135
13.794455694104903,0.04963885482060411
17.263403995905932,0.03427805723638756
3.612603088053673,0.016411592821403666
23.683954303995208,0.013625110426317864
26.369717525799487,0.016829461978046797
18.667683497448177,0.035148284572382595
13.454679213374707,0.05623862680623475
25.423300739413392,0.009955752740306327
9.889484783523592,0.0750810311119618
10.31092222124858,0.07723033397741262
7.952406176440958,0.09151932258925287
15.969889963498561,0.038223171897799134
28.298095307758153,0.008527607231554336
8.084001078512516,0.08811924298342524
19.789318714558338,0.03550558210571431
14.226866532218294,0.043703374062420274
7.138149237875858,0.06181798848185808
32.749549752085954,0.014512692626194744
21.384232131327735,0.03169548813681568
18.064563387338584,0.04299144688921093
18.698630892272018,0.035072820804047555
26.217885283410425,0.017994912660092566
17.645814451048643,0.036929420920918075
32.8601328935926,0.01454908736537385
21.027674915325402,0.03586867513040549
10.084772364026852,0.07669190244684017
12.014242896675533,0.030917430939240122
7.480170656356868,0.062214406470951035
26.159933965908312,0.017094812784674174
24.92275424616899,0.020389821023428782
18.775960488585998,0.036189072386625346
9.114512048394493,0.07944262806057313
20.23844892382506,0.02384879725201061
13.020133651780942,0.04065876073328254
13.012489894612148,0.04037478747121371
15.403165349208663,0.04568575082430443
9.092439046149565,0.08004315189788662
9.116730364333174,0.07937603244780854
10.803435773805013,0.06888921120528028
20.034398284549813,0.030903413602264434
32.74053270453817,0.014491133582412278
3.9653876361863203,0.029734190188411974
10.152357757150128,0.07661440546570901
16.06377679960725,0.039496701484278134
19.140978823270494,0.04387382381062557
12.116432382521548,0.03039992435037979
5.660462410139497,0.04677138209777503
14.784885750363486,0.029200952036098852
19.623804744054798,0.038198836135551285
19.165453901925602,0.04341186085227168
23.5058779179509,0.0187732688611627
10.640235581965468,0.07941210303463167
25.242825455783837,0.013738337098897258
6.459740786895564,0.03733843060660117
11.663745633373818,0.04672994835837715
14.448306058847814,0.043960581519824765
6.886468302717181,0.050296940312040996
8.239640819547656,0.07843621737082969
11.96894957803474,0.0319823663358044
29.142843658137913,0.0035686966915404387
9.434324427168344,0.06833157338671322
13.430895057308916,0.05643572390786162
6.347970019345048,0.03587553100799831
10.512714119641217,0.08085297887531744
24.810875653838526,0.020151577234190324
7.653454303955579,0.07518093138981102
14.657113042265738,0.035823270417710475
8.083659994232393,0.08813517133197726
6.429642148737895,0.03696134285214404
12.608536383924642,0.03713549154496946
3.251444462189587,0.013770212615261616
9.452532499470184,0.0681697298114303
10.129600968396275,0.07665464432161999
18.76107390683313,0.03583343906370127
14.084337463229373,0.04561661423037022
12.253344504394299,0.032950536386567496
21.402231130302855,0.03144648080769111
4.69741128751275,0.023443156489093054
26.79715738703029,0.00921901107377121
8.442688998224703,0.06509261860173889
10.537961941198732,0.08099948124827366
7.674292650748893,0.07704367306049931
4.254070680012626,0.025526178265290255
8.280463775549107,0.07543695015108633
15.69282003972834,0.0411480884602972
5.537180130533681,0.05288930056443221
11.280064648609047,0.04695299852831918
19.045048343186757,0.0445491317417887
7.695237844421577,0.07888954500443653
11.142163534649878,0.04539279021901606
12.182110214279346,0.031297080234216054
14.07769803777446,0.045769326053341476
21.886243080899213,0.033872832233027575
6.703645556434963,0.04213979273517267
14.54871261403936,0.04124565012824226
22.27674113417353,0.01806524340746965
5.781095243351978,0.04021729960677784
8.508350640447528,0.06311814466643073
7.536768215053556,0.06553426281216485
7.778575862470623,0.08547974893197371
35.350968302518496,0.012373106578647161
11.092329976974629,0.04657935168840541
4.368763181933508,0.020243730334574876
35.50658682592811,0.012157529957928005
9.200321528945242,0.07623355822651687
12.994578404917378,0.039755200451744126
13.283867907552432,0.05371751149373648
8.525599548764486,0.06291890192126934
13.60659963161667,0.0525796217516846
8.146391788656087,0.08474175204484859
21.500122397535296,0.031090196808071627
25.206847412183055,0.01464166178026526
6.4452234074903565,0.03715577795660411
7.793515802221568,0.08646450118941708
34.956504302893315,0.013323363040408213
8.102031205170423,0.08723494917283599
7.6334615927744585,0.07339407159499747
5.123812700904641,0.03207521023170094
19.164628840084337,0.04342844163118335
4.169509363952418,0.029386116446579475
20.561837806747906,0.023488131130903506
11.162689679544936,0.04521635615476086
18.895871146794185,0.04058260737316808
5.915012233486692,0.03510835501912071
32.72264547834261,0.01444059264232421
11.05254886303989,0.04830989819817644
7.825159678701921,0.08829164278143012
11.692153012607298,0.045355631364215825
33.25765193317415,0.010660910182443618
9.894808198052036,0.07516310394106897
9.02146541705426,0.08108729469692802
12.81900042874058,0.03679989270221855
15.888452189175567,0.03791022658036293
18.300749608498133,0.04428782259346018
14.802776551942626,0.028473637994814588
11.668794837134921,0.0464943515683769
16.593102956770764,0.04393051671247385
5.1304226217785285,0.03252102109956769
11.107268325871116,0.046108449766577186
2.7516758836915556,0.0013353948763084164
7.967865879625782,0.09144609605623133
7.351413807187191,0.05968150379099911
16.573677339596795,0.04420176947821896
25.90387128653902,0.008719181220259109
8.11228704871012,0.0866966347468562
17.284364664422704,0.03423101012860485
19.617288107071314,0.03830645563142703
14.694346135704942,0.03374442145713783
8.896411820710146,0.07903026041607078
9.72420181362781,0.07194621382295031
15.136344149766545,0.031033575672922115
20.431819240725243,0.022645199659598058
11.066650186889225,0.047618613797008116
6.829363560352769,0.04717973566194656
22.204936688248917,0.020842463976019524
33.74073148385865,0.02466928356936547
6.379398299333598,0.036316164939829254
17.85757555756223,0.039726540298638056
8.890640103455658,0.07881236201297767
4.157376160974112,0.029822259171770525
6.935076944818226,0.053208676854912824
6.5221709367616345,0.038189081815532454
13.925384475245837,0.04883978418635705
6.56223387143233,0.03883506718331197
26.19047358067993,0.017665178925606033
8.689638415806161,0.06753086735758734
9.474888628254075,0.06808048257153333
22.544036810660334,0.019797583418320313
14.966117503639072,0.025767733364668206
7.696965541836784,0.07903980355219403
3.9945648825038798,0.030615492992790646
6.631340779265293,0.04021881391162194
13.75995638749593,0.04983116134535513
5.356476078396209,0.050754862273150084
32.60851614927116,0.013761484996454765
6.245136183289156,0.034196161047181185
8.903503703661132,0.07928398340130953
20.24109604109131,0.02378442600382263
13.369470598949597,0.05613453996762958
16.535711326341236,0.04467924257980814
21.959525405926946,0.03237640290879812
34.02794497132715,0.022487925507898594
17.601909662648154,0.03637080826075537
33.45412036492192,0.01440856162259526
8.876250839326904,0.07822591302009463
30.943978912485875,0.005744505625345969
17.32771886990442,0.03422868839280666
19.46236122739699,0.039892322878536494
19.80975385647018,0.0352378897466385
5.189017354444347,0.037070766666413506
21.157661224540764,0.036644731440676724
4.456965230426584,0.018228248535839334
19.82636771990551,0.035027137866342366
18.622906678472585,0.03573994226778122
21.178904248877043,0.03634009674338063
7.7362543732782525,0.08232906970578366
13.339721273688935,0.05554662672117112
9.399131834622397,0.0688786008304496
5.7569470023483715,0.04140789593960657
35.156982623199724,0.012519245154209555
19.57594796972949,0.038929309959917904
22.555050975097995,0.020098809550678224
10.43565378030633,0.0796072254482091
6.8513086229405555,0.048323156625319705
11.619533357635474,0.048596618178746054
12.702931538323496,0.03679668397994236
8.041113705186474,0.0898654427238459
24.104428776795324,0.014343433922731026
9.236414319134068,0.07465429015211458
17.884052460315118,0.04009730455607007
14.45184783276073,0.043911702165993244
5.726515613333112,0.043014391976464846
10.801448250710116,0.06906290829995922
17.17664576940783,0.034828097511431046
17.111428326060526,0.03562118796093378
21.607228262549057,0.032178553393411156
3.641572834815473,0.016987885904540603
16.260032756171853,0.043705817136446605
4.207266195449797,0.027800754509609196
7.305409411801125,0.06017692861857151
12.762798677956962,0.03669642919392647
8.200680699897944,0.08120284832290821
25.216118130212664,0.01440429491407719
26.495194908722162,0.014046660981013965
11.129409657439757,0.04559249478253476
13.246637525730941,0.05206374520234946
5.428034178223182,0.05370641147142803
9.762888838329816,0.072758825686137
8.211194199665789,0.0804706880399579
14.232336314535322,0.04369711030042086
8.351947489231476,0.07029984688886301
8.326079894808666,0.07210705639228208
9.582288703518202,0.06903309382853515
7.471357454093804,0.061814872953197576
12.671955354823043,0.03689786735390769
8.724957383499902,0.06961627924878222
11.358083685758098,0.04928234025268357
7.9375416127982295,0.09149705764495968
4.439576551924004,0.018424081959114953
8.21020532457196,0.08054007180387217
7.02791891731652,0.058461540250086874
24.814639607372087,0.020184716692543618
7.173137709444673,0.06196917426454074
22.33961897440453,0.016829206191513613
10.470818558691843,0.08028558246537422
15.823422053758891,0.03831062399041611
10.573817960268748,0.08087636881215157
16.85537575748686,0.03996555909036309
14.80027397423415,0.02857101640305844
9.744796242083444,0.0723829149692736
17.659729445945825,0.03711044343548941
19.83051638251729,0.034974953783988315
21.209996019408646,0.035737667926624195
21.36349654762119,0.03204890029999856
10.546977850887684,0.0810076574474494
24.480700598228847,0.014351161812044487
19.65852207198098,0.037600946013232606
4.08554507730974,0.031417663645660635
5.654733519025415,0.04710280168854699
12.174806870481172,0.031159842576424346
11.070488192087174,0.0474450705901311
18.18973710451602,0.044553710615192456
24.487327022437302,0.014448232631713359
12.458207658167964,0.037006845304469495
6.238387982390362,0.034081663945803975
33.32546325954234,0.011126065019877736
12.300776730852007,0.034180364975155766
24.68662340539585,0.018331887640209148
11.7939785950513,0.03986126430614857
3.6936337744785117,0.018297777958952172
7.621642645499335,0.07234788437964224
7.762226793463187,0.08432146521470629
4.130325488781461,0.030635021070509787
32.81497261041329,0.0145917470729888
13.218672137056508,0.050658318746108884
15.497568971248509,0.04655808296565359
15.187281293190258,0.03394827750023756
12.364298957443125,0.0356613709255533
12.623423890130775,0.03708117632843825
8.026958619222476,0.09031848257927734
6.663617742483455,0.04100743972495613
7.605639198403989,0.07095412905907748
17.203265622804015,0.034596441994634713
6.912568390525269,0.05184532016784929
19.876832104609093,0.03437599052322181
28.892939578079762,0.003628299704310208
4.91305063249756,0.02618900376278308
9.255837294713391,0.0737991253167344
5.682582779188988,0.04549072222236809
30.982185933058588,0.006009960957848577
17.621116464890267,0.03661222692217397
10.316776012472157,0.07731004631063376
9.415732636434745,0.0685819515188969
9.96252702766362,0.07604703169729046
26.216671327981423,0.017984109443542964
16.665161526297076,0.042846060523386326
6.647224883750885,0.040594213649392634
13.446848502908201,0.056321254739711446
19.363806214908074,0.040265505479125566
13.617818254418559,0.05227385892686881
15.481740681795534,0.04665205070639208
8.39509991791249,0.06754722338435283
7.983505152005405,0.09127495724494672
16.12044921064063,0.04062801386125089
7.171967804829022,0.061970734281296305
17.124783421412243,0.03543467131711763
13.453485117681556,0.056252309297974895
21.297159927418303,0.033552520088166685
8.394747840173368,0.06756793926613054
16.33656205489234,0.044902127714600795
29.858220115393006,0.003480146712033715
9.42622007381691,0.06843007091093252
27.328307683280784,0.00580815254729967
9.015372282433153,0.08110652792623478
16.126070460398093,0.04075042788304342
13.004966159116897,0.040106652353516715
13.119011874639563,0.045245566831321
10.35727066198361,0.07797836997324997
7.914839907793663,0.09128324965523797
5.461014634818031,0.05411719941833035
9.464950528223897,0.0681056106338204
5.734622861092576,0.04257585411957737
5.125783505843399,0.03220647554506107
18.436829816089304,0.0412723220182654
6.448463853558374,0.03719634411475828
16.59703640744731,0.04387394707659584
10.770752878843505,0.07164370414594062
20.388957392209946,0.02242878148521642
5.751331301303462,0.041695900258035885
13.810142248794362,0.04957574549461775
10.50074908562807,0.08072712958648044
14.421061553226876,0.0442303420237613
15.865754212201253,0.03797811832315853
17.091793458273123,0.0359147964848381
22.675303091942812,0.02259920076056281
21.18879001319313,0.03616667036508206
21.906946720760804,0.033572429770026065
21.53610245143869,0.031335510276286165
8.303202213202495,0.07376348738346694
33.788243636658926,0.02521587467596011
9.284912709205951,0.07255387537617428
18.519415496727706,0.03858460470644509
25.922973721792115,0.009279673253665984
7.142394787118321,0.06185915358049185
13.55876035103113,0.053942722704759936
14.418085462588536,0.0442490261622293
9.34157407553398,0.07041491032318016
13.369366591236815,0.05613298609867823
11.183987537638604,0.045212628783502955
19.090111397579044,0.0445177637694491
22.4344053737874,0.017195463019592964
13.280288975873615,0.05357171142054937
11.868724039643531,0.03594625026295649
7.937326282486847,0.0914960565844062
23.30750148281944,0.020039127467999695
18.77715683006388,0.03622031210696427
18.49308582683717,0.03945603594008586
7.804434730048677,0.08713618018780278
13.770520901632143,0.049761564356917816
21.005711515934596,0.03526510889475946
11.53041920765183,0.05096500017427447
27.82297443061391,0.004723931762770514
6.905685905456698,0.051432230795759384
19.197981617254246,0.04272831952604341
9.668546213469362,0.07074364026311564
17.581598717982516,0.036122338492668896
20.23671980608984,0.023891600944599595
16.051757908276386,0.03928702104490795
26.317850768181405,0.01771311427947748
7.935762451025892,0.09148820063756596
6.970565984755362,0.05534134059857564
9.824737245571557,0.07397098018377338
21.81677895253489,0.03427096511926334
5.378526826468252,0.05195101426563873
5.217000150030492,0.03950946209068245
8.086458696244645,0.08800357336482784
9.290096722624414,0.07233950957013388
15.678431987198042,0.04160534026207555
17.269746295237464,0.03426049163254853
6.589064560089644,0.03932773941117207
14.142535883974668,0.044455938100820984
10.53324989333329,0.08098552318971405
14.565412814274746,0.04053948314147882
23.679858422525506,0.013709609808533672
4.065076136119872,0.031518106627469324
10.465659092827517,0.08019460578715386
22.636291951741555,0.02203125773333954
9.14108675318089,0.07857725567049129
15.52929154733763,0.046116652837271566
21.70547143083016,0.033509520630297544
8.955939637846155,0.08065657044119624
32.72304609980324,0.014441842902932654
21.72866893417793,0.033766563963946554
14.2523761747008,0.04371229585059585
22.324642472745804,0.017011944459598607
10.197256598721715,0.07656211959669243
17.05343341543502,0.036542756515015394
15.643170884863675,0.042785339548610815
16.55211492773173,0.04448301966373211
23.90844828260059,0.013047627060617123
19.781017365138087,0.03561830714838176
9.17092254059201,0.07745396369759314
6.890977034759487,0.05056042992720254
26.47690825762524,0.014439906558144847
34.708720520349665,0.012530481659803097
27.50586399972748,0.006320189332488635
10.206065165231076,0.07656398405225867
14.423164822634181,0.04421591709823804
18.987269734760687,0.04368378169290089
30.63272604315164,0.005232164476007043
18.218447983054922,0.04467368539310552
13.320014066014059,0.05500345481613601
5.57766590543116,0.051247855156332185
33.162259307446135,0.01127786191978098
6.938978193541568,0.05344554395730999
16.43654744970201,0.04537597915425577
7.684671565947548,0.07796331927494068
21.322946539781835,0.03291493899798149
18.133188473405518,0.04401025518741917
11.5062906339302,0.05122177977368667
5.307886056155705,0.04737214217321057
18.904447089986107,0.04092863692099972
4.8073865647012335,0.025788797732077193
14.470890715560907,0.043591154941960156
11.080875671532178,0.047007317168102136
17.42770899662838,0.034638884957551755
23.55587689946819,0.017244816179946398
18.642516599515403,0.035416172724805066
3.693573038191846,0.018296020114917277
9.899503623684396,0.0752341525928231
35.79595612575593,0.007705201350314519
13.717421261758393,0.05024847956076494
7.0823850179206955,0.06065445108475271
13.30763005076539,0.05460311371636674
34.32654384624783,0.01643216056023891
21.155691201320373,0.036667842786628636
29.707152585022087,0.004542043804078284
21.299707127671844,0.033487571289433644
15.9935001891632,0.03845963072568464
3.777880052784688,0.02129598716172028
4.15853810462357,0.029782284963762395
10.143778302411562,0.07662989085779073
18.249661489476306,0.04466075204350599
12.637093118647194,0.037029189526242276
4.147026864365514,0.030160572138918852
14.462641634445397,0.043742109971991516
29.04230392442985,0.003313410294307887
10.20728091544377,0.07656469731660509
33.938555962270904,0.02416563350270077
16.375311925806812,0.04524172797911833
19.52931814829353,0.039463374947261154
16.456727240144897,0.0453168325328938
15.577503803153876,0.04493159175973974
7.588389785605228,0.06949432280642501
27.285938830710748,0.005527805438737497
11.682311195521649,0.04584462888099217
20.401006661142876,0.022474888650140405
9.611218046319143,0.06955811376296625
5.33702863013328,0.04951273817940137
8.21080730647323,0.08049784643405182
32.601011238417435,0.013685409576858446
15.406858334177539,0.045786146419506686
5.584296894387877,0.050932099327373845
35.468352532445714,0.012299922410477749
9.039178121055729,0.0809652047967931
8.634677572466549,0.06483750515848852
10.208016624609952,0.07656518582308279
8.030867453649885,0.0901999445480453
13.430656468900198,0.05643686710452805
13.598663499306603,0.052801236551769576
7.23552010998719,0.06137090501250616
35.31193144067237,0.012355178999044961
8.312275640431794,0.07310186411912241
16.234165970835797,0.043179177022650325
34.031427170583214,0.022418129913520345
13.54726651488886,0.05426651370066618
23.177098532925545,0.01701596567755152
16.665301597478667,0.04284390455544738
5.924202454675048,0.03484993765822829
19.5181396798632,0.03956113076263912
11.440287538653049,0.051039537362832336
23.121812242622163,0.01608371493149936
3.868450329658439,0.02550811896074826
16.83723856618116,0.04024664792437941
16.070477405785184,0.03961875366753704
14.35241786867418,0.044241105125045206
18.871345222914005,0.03957660492988911
21.212490527435598,0.035682763019535775
9.750193753677506,0.0724958965826655
33.73566435917455,0.024581365642315323
25.339297872150027,0.011587708161183572
16.345861659308014,0.04500142080675935
24.168531234881872,0.014217348185627292
35.296976766404825,0.012350524879348176
16.03817854381152,0.03906521791838322
9.288490745576974,0.07240560895851698
8.90456049016623,0.07932045044551042
13.482391247525355,0.05581950893558081
15.37076790933829,0.04458425284281371
5.3904389629459155,0.05249494277853968
20.977296518378324,0.034317487395917536
5.539454143834508,0.05281219538082789
29.259394115248927,0.004023316611783146
16.551761219171198,0.044487425779630885
24.14369009040982,0.01429950386260044
10.11439567283254,0.07667663752932662
33.73071174437975,0.024489945668825175
9.589269654554116,0.06915302922929266
5.445332933317417,0.05399792625181676
8.86755578944366,0.07784278091993425
34.08676236036122,0.021300762456166092
21.97631701005314,0.03185880614885076
10.499757546256824,0.08071525505529044
4.280084526300344,0.024213583297365497
12.18027301102114,0.031261809383483205
7.942821503003995,0.09151551352218562
9.351394410124907,0.07010080642343339
22.039571683155287,0.029350548053226354
10.024077469601282,0.07653363759826166
14.406240853133077,0.04430410532354442
15.144364242526969,0.031461965474628845
13.620898174904857,0.0521917628971894
34.29925991153024,0.016991827883876775
21.788754278210714,0.03421000290361101
10.616593771397943,0.08013028926451468
16.736299027658745,0.041760946736941834
20.95407608995666,0.033430203380758125
9.127059351918938,0.07905196625497919
11.651700440483511,0.047274893792700105
13.774654071527133,0.04973723784666835
18.743897115224172,0.03550323081493381
19.417503509785625,0.04004316763216355
18.58265594758673,0.03666580484582176
8.716969382880846,0.06912958969062075
5.935967142232642,0.03453675508026689
14.544802334670148,0.041401595565427975
7.791120736860713,0.08631163259002485
18.67062862527565,0.03512865359531349
9.572600483169861,0.06887505350317448
13.900636814224118,0.049099506902479384
26.008659874115864,0.012214823758080157
20.589862365808525,0.023636239898668046
9.973585872230831,0.07615875953853535
19.02919324746717,0.04441478205351614
11.272679957526412,0.04674754911948395
8.56340116871092,0.06297528792471668
17.78112154027385,0.038704571494462166
21.702197480314705,0.033470353264577264
19.47951745810574,0.039814623744230115
18.256048918651818,0.04463845955614366
6.463966933940224,0.03739218483404246
16.250921317806814,0.04352569344603953
10.255674810235085,0.07670931385892998
27.799877470030843,0.004764846733409552
5.724926430835689,0.04310117263351107
12.457237312354396,0.03699893869624707
8.618094514979978,0.06421655032834434
33.691663598459265,0.023584557084876303
11.974653698983381,0.03182066413678779
8.645181273782974,0.0652821792807576
8.575552776071403,0.06313624820037275
17.718003326389155,0.03787577015624508
17.838197827422253,0.03946233248805952
26.143670042197428,0.016711174363740526
10.344734828514662,0.07775128416921392
15.945081520710374,0.03804199492080573
26.757917142810903,0.00986801633507272
21.504192816948663,0.03110944073214686
18.795159330081333,0.03673494288979674
8.874437626566358,0.07814776155107152
6.967378595196779,0.05515316744919384
31.98085661389306,0.0006639450657441071
9.164865675402746,0.0776929566299667
19.805641887818382,0.03529081717897986
10.950629316311355,0.05546972847975523
10.491276456389333,0.08060531911154699
7.352883345547044,0.05967440502258324
9.83190108018253,0.07410278604443667
24.005860157899914,0.013932445167583041
10.395695167115287,0.07875499791070956
16.01142670709904,0.03867869248011167
10.450355422989338,0.079905554951302
13.306610763357583,0.05456822281919807
27.123450985862934,0.004900422963685075
11.184215928831469,0.04521352657357146
10.135273689746901,0.07664503438910471
18.648079323122992,0.035342030073088206
8.081815610470096,0.08822077055940636
21.66354760234108,0.03296781800393224
12.212967631414513,0.03195536693572842
12.363546064315868,0.03564601874494264
20.08064959524293,0.029287038477415824
11.408172265560243,0.050518821148748005
13.45508661866145,0.05623387080930751
13.306499160729153,0.054564385034568716
5.858621117564327,0.03695216832645742
12.945430526657818,0.038387668997909456
8.54655187880516,0.06286641478200623
10.892479943042536,0.06069271246773291
8.478478375779797,0.06378735342770836
9.738079686003633,0.07224141435029581
11.975027019058688,0.03181035158325087
21.80576717067879,0.03426005474342682
20.074614783530887,0.029508971723368235
19.4181381324379,0.040041180768411636
8.238840039929837,0.07849435389667747
9.772432244845888,0.07295366476245775
19.79548186118157,0.03542351256800899
12.61569528926044,0.03710979771414374
10.882877486418005,0.061588401521036555
32.93961106967943,0.014177893879245246
21.070651601925324,0.0366681418919599
17.845429993096587,0.03956034582172574
9.242353075974547,0.07439202352222211
34.194483756222894,0.01913022607892579
26.046263397020766,0.013594631588193138
5.325530034765691,0.048704680193966475
5.479973657910297,0.05408161530461124
13.074583770087587,0.0429980243850873
5.194100811170745,0.037505286719791295
16.1333910903965,0.04091182933098887
19.13537022415466,0.04396886530630467
9.005398897375992,0.08111231629619021
31.185238556374088,0.005893776776693288
8.021481644951821,0.09047593891902239
20.858094564534117,0.029320382091947914
10.456557627475311,0.08002582807737259
7.120890030257068,0.06158220826990057
3.107630706246124,0.011333386642841125
18.717865636063383,0.03517638905941757
6.323928596723133,0.03551175151801173
10.624283986788274,0.07992113535879503
18.422219834766995,0.04171028938855845
24.525169475234893,0.015075920768338013
19.996120901246755,0.032047823203269
7.529171684666941,0.0650185229514612
7.443341981886318,0.060771443004522606
3.7313356032766403,0.01950100667739861
11.237716386083914,0.045899940602537166
12.501035441336622,0.0372418603009462
16.47723764052778,0.045209173806124776
18.339539004860807,0.043707446873651336
20.341056750214793,0.022425350276397592
8.42274044870418,0.0660321981269192
8.941618333737757,0.08037179451435232
7.062991063234615,0.05998318207283737
33.30566308345982,0.010899306083313659
17.35422863341878,0.034284899775219375
7.716113305108842,0.08067695487189036
11.528966565474722,0.05098537914571206
4.206129023598074,0.027852680812248235
16.52591313828936,0.044787823737770814
21.563231777706175,0.03161496681800584
3.947052618733443,0.02905916711194576
18.96033223212352,0.04294696404395506
12.455341319244116,0.036983139157318067
20.04813372458395,0.03044629280214853
22.80297838866503,0.021967378842806133
28.481126048483276,0.007131436403529941
17.549806154194478,0.03575175510119792
15.204873203778225,0.035040012814124846
9.548400392063042,0.06853012141719472
3.8308148717649053,0.023687366152810224
22.651655240018787,0.022291549935841953
12.801513936562904,0.03674044796897651
20.341668694125083,0.022423172755039703
27.725717224488182,0.005117034125108581
7.628444270423227,0.07294859480953109
13.80388537929611,0.04959987300525078
8.251118152363222,0.07759887836399167
4.179314182653006,0.029005134078891746
12.66989766226407,0.03690528758829146
13.1002129419593,0.04426526630316397
11.58468367484761,0.04977102476136803
8.971229104606161,0.08088464737439398
6.460571480516616,0.037348970922425735
5.019844478797808,0.027329590152076904
9.988403824691897,0.07629219278931805
18.10994265796164,0.043696600712440914
19.86090097117123,0.03458868574631726
10.566963207629676,0.08093313734201002
9.334620974020003,0.0706488726335762
