74.10943537199684,0.002000810066966031
1758.2228719405298,0.0012834406689863974
546.9417405772316,0.0011894431484910548
2355.026545898966,0.0022754777160370085
6752.505485765177,0.0014534115931066265
2029.5453670085783,0.0017209802622508929
2236.1926602815333,0.0017669578734464705
1625.9845621805166,0.000786462805011886
1648.9251464960937,0.0019888133837714646
6249.9373955879555,0.0018291578907516251
689.987831655402,0.0007031605296095616
2894.213654198617,0.0018795535612720884
980.7289434934676,0.0019877909826762166
1438.7074357467138,0.003272653209299045
6074.181670156941,0.0019926718199723054
6275.963807247565,0.0019504435426161326
1828.8434153696498,0.0018114146062563686
2398.276801699724,0.001615126804890536
4680.7665212801185,0.0006457921147721361
2578.393978344621,0.0015648214657483879
754.3900405917839,0.0018218612491675999
3497.9031740988394,0.0019856897761622466
175.36512764795228,0.0016892310646693686
5230.283421922697,0.0018049859010653769
108.87376237430828,0.0014636704153610492
3180.0454542744396,0.0020048478915380137
572.4746713497223,0.0013035751984031348
3395.0615167985893,0.0011361205950151973
372.0566557073345,0.00028049554474042916
256.08106157980785,0.0018868033328491491
6827.481013424037,0.0014390218303917811
6247.2076673467955,0.0003673634631855624
168.29745909281664,0.0007804556246889186
7500.68737415767,0.0018125974300778806
3447.455621122597,0.0018818217823559657
2175.5944318529714,0.0001334529087948685
786.8648079461858,0.0010612975127587338
1013.744268758714,0.001955158035853532
4748.351330834531,0.001955869727814715
7231.122481784833,0.001986800552115937
4114.954335459558,0.001991817047815135
4876.883717293215,0.0011188138382180566
883.5401708366519,0.001488054286896044
521.5818628299448,0.0017220853444498301
204.53679894397047,0.001803945777769714
3447.2554778535555,0.0016049870766921884
7115.132519407448,0.0010359957654270083
7680.964215137506,0.0014503339718161766
7856.38009045346,0.0019434403056605735
1935.8081107382538,0.0019904623960770276
1029.9537663304711,0.0001257057994888388
936.9081471440713,0.0010658611326204185
6366.812102071867,0.0017101518333813067
1188.5333460164338,0.001900955290972844
5881.698706824198,0.00033987991627809573
1427.3556903101507,0.0018564165625089184
4362.181548821583,0.001750603976297056
1871.6755644482764,0.0005644494742065099
1520.1970158716015,0.0010840090112741723
1319.076991803316,0.0019786575814610343
6266.751605385581,0.001901292695736846
477.3832797796241,0.0005293535819711955
5312.323040688517,0.0016912422071008058
5075.820518414752,0.0019709965722559224
1246.6736417017557,0.0006180425687615683
271.2293763143381,0.0004168620975218925
642.1706867370935,0.001988396853847448
6227.376284733219,0.0007897629450618838
4980.041929145922,0.0019652303578956
3257.851970052488,0.0014749295227839665
2389.448009058429,0.001911726590868079
323.3746560137733,0.001975837016263406
4361.900599155343,0.00029374779043584977
3447.4365039861887,0.001935372777212671
1080.6103817813457,0.0019713461331074583
7739.875396698961,0.0007920027492507194
367.2479183247993,0.0012925249697725997
1418.0769774877688,0.0018696068978902075
1584.9856421853192,0.0018129350601343262
1828.5911728357476,0.0033482293619350226
84.4084666282808,0.0005343146653439888
125.73062950049028,0.0034628143749207687
7063.552950068778,0.001845765410700538
5074.838663866031,0.0002531734892761566
2432.603317573733,0.0018714659867728127
4320.291426261895,0.0006943080549230964
790.8871023147236,0.0020886000161049146
4590.889671290363,0.001570567107691172
2300.279954417512,0.0014649528507095682
3590.9793945194274,0.00021406493005823586
1809.2923915044853,0.0018828512006001837
2820.9756847530225,0.0010611413719183403
896.7075772731247,0.0028261058879615096
4114.907669615191,0.0019628552388635833
8098.263183884416,4.9986923877112406e-05
2893.971431529941,0.0013706761836951584
2425.845371646252,0.000881183134378457
3302.3953731468478,0.003022006894254678
1205.9697346927487,0.0018367279523111796
786.0271479564267,0.0009400182019694283
5395.213987101387,0.00018810383213212364
1750.4815234963114,0.0026181584916639875
4101.023350915236,0.001845462763857809
4742.544875053731,0.0016862319754557286
7142.082688352955,0.0013566211216438028
3962.0592425201576,0.001697049614006422
137.81778768207647,0.0017075234995380915
1424.5416071575366,0.0019169280776051064
6625.163367923633,0.00039651359059510323
5001.52199953276,0.001726936267667585
1469.9208243293408,0.0019058442130706372
4590.632247555114,0.0016704588011556096
844.3514404126521,0.0031409010757589206
3163.8318098194363,0.0038327655487931933
3590.6740769643,0.0016797975614500223
3593.1560646576454,0.0006172066122673394
3905.939756198119,0.0004318600300709829
5705.424255609417,0.001990623214417078
245.21501399286237,0.0013764984963902818
7806.701633820258,0.0013375038606376584
338.8778000521032,0.0005418771181268645
4629.014179250499,0.0018923640264608941
1551.615989213758,0.0013760073625421244
3960.1843207949705,0.001994332521728321
402.92501269193014,0.0019123384551742262
684.6023362139645,0.0003737475760016925
3605.4871732878833,0.0016896649412833139
1073.472948946182,0.0019782948933589318
457.337891563859,0.0036678004565186308
1951.6985257496067,0.001994691290136868
6250.163948700234,0.0020861680301742674
10.054461778985717,0.003229266240603333
6563.168631612224,0.001947970318705394
3943.0949641453976,0.0017305116145436134
1008.8539605489151,0.0029691685852249595
338.2122360050128,0.000459632071766027
943.8158127784732,0.001992101822148682
969.0070927942057,0.0016854019365878281
4938.907826821537,0.0003720225826853321
7806.285862009461,0.000988719108313347
271.1794535236097,0.000638591479107302
1626.379911148048,0.0019399607016420473
257.9174450621615,0.00013942402484919778
1300.9893941544544,0.001972649499765409
4921.689842969772,0.0013043137308006796
4781.900848070845,0.0006139510019435952
5202.445860072738,0.0005923168616721163
1261.6758320726074,0.0014683450699623844
1320.8342064319133,0.0016215435980286616
940.0496707797055,0.001966176457063231
1951.5607919564561,0.0015687267489071831
4227.8989968005035,0.0009014826693344302
1263.8397918634007,0.0017992110694475887
4877.207724208221,0.0017197571741007596
1971.9330801578312,0.0025271936924287216
1085.4017345120687,0.0037718399963061434
176.1966358682275,0.0019746000098116493
3163.360302410157,0.0020791177378991876
448.901411151571,0.0019890184764905236
20.618564416053847,0.0013261513930370552
2176.0686102731856,0.0007094038211645324
926.7183558125661,0.00021814643922814244
4875.033069724859,0.0007919177632160884
1040.6812479908185,0.0024126702630901734
176.13585520523782,0.001981618393962414
6688.011497760328,0.0018465935456055543
689.8100120320026,0.0017100153467254587
957.2013268533527,0.0014504346594209111
93.92686578639359,0.0004177877695995449
5679.21186782842,0.0006047810546648193
230.8862144988522,0.0019877274400994325
792.6672160405592,0.0013945972098876097
3395.09114471065,0.0013149854365435802
786.6028189886257,0.0019607123819648776
5911.95719671026,0.001994699027210828
418.53530671469724,0.00304817310496965
1888.814396649135,0.0018187184613959336
5313.523469297246,0.0014698416419782999
957.0565331637066,0.0019892094268404432
7740.1919814847015,0.0019454036221267042
135.32489019993548,0.0012110133823197186
5121.344944600051,0.0013291657155263387
126.54892790884664,0.0022234877063321353
1511.2854743488986,0.0019891160488716897
1804.7494236418768,0.0003689873839323725
941.9009595381418,0.0021646136840977655
5705.216810877201,0.001242309565550653
2490.086920552671,0.0016747084914593639
2997.842012947256,0.0014467102935992945
3085.9533040248266,0.0017076706193139123
754.0109782014005,0.0006775479093029601
329.81335211064686,0.0027298869751411843
7733.056708595948,0.0017975737911285854
1861.1215123839731,0.0019046901720582647
1727.784359498553,0.0016663747828243136
2960.920079448633,0.0017339973882637956
1594.9160013090182,0.0026651971407757784
1012.122951795386,0.00028812269156112095
6888.586342820147,0.0018474930019799275
455.2706029669141,0.0034549793039256576
1692.8519390618496,0.0019852860823023877
126.1071826295547,0.0026192755332543017
6672.357538636317,0.0003678203380771846
204.98155063835262,0.0004125152111282564
2651.6446296151803,0.0019658486206847307
3546.336999701497,0.001417541457267906
3932.5904244228605,0.0010361106048043648
1750.250492095235,0.0024095664961896164
1246.0064027130963,0.0019028367406310268
2047.2703478747355,0.0012984872390761975
73.62711710012915,0.00010117570657049118
985.3038343627461,0.0015091088017289828
926.2087448269842,0.0018121855715778296
1139.3386243921839,0.001986693303082531
1178.8511936011291,0.0018701954665379297
43.833496705400535,0.0019383784732293539
2323.4561489212606,0.001843017074377428
2941.5463959323242,0.0019024468152510335
8207.42574229493,0.00199377191233689
2615.9420205361175,0.0018980874187507007
4686.42667223148,0.001981327223075124
5705.722248995686,0.0005963097659014268
7548.824745004607,0.0014460971537762462
6115.464469391824,0.0015094253247472003
1176.2361196557433,0.0020640344400399933
108.77391807231375,0.0019134511350572519
4988.898532162169,0.0008385790981306297
24.241351751210548,0.0017898383199985374
3618.34106833371,0.0015059089292129792
1469.9269780706686,0.0018873285850610497
747.7372254092143,0.0018185223742920459
1896.117261384624,0.001662988507411229
4091.32265461443,0.0001793178458478029
2115.185587722252,0.0019048395832173388
2828.847304738458,0.001974760450605415
1041.739283562107,0.0004885606123615542
6350.920318720059,0.0016601930466732073
5393.406341071849,0.001195334728434415
3590.3723496733664,0.001303524801032373
1436.6943360567138,0.0014267163955550422
767.816629425915,0.00039465768964941686
287.772688065892,0.0018057105356739126
956.9809110566919,0.001904760941910898
609.5216803718944,0.0021273396465400444
985.2297386595536,0.0010684686378396033
1750.3092036404933,0.002552700055618294
3283.5451404639653,0.001984648440825785
541.3870212466277,0.001726812646172905
2115.8902577424915,0.002130548189915185
457.10525648321305,0.002261935634647922
137.64649384960236,0.0016155532045088051
6276.034691279268,0.00169920775419519
4362.795201057878,0.002012336584376948
255.28041732383826,0.0010317861161664
1040.9142801969608,0.0030310888913954097
3804.5161436023777,8.651315772748052e-05
249.53430686163858,0.0018557971014582554
5300.6385780926685,0.0012057385852990005
2194.270484252696,0.001836397038814383
4980.299212577086,0.0010726902552593179
3712.1886733453034,0.001981737249584917
1081.9494495699105,0.0019116592268642102
4702.387913878549,0.0017255889372932934
3686.6723529502947,0.001533605720696698
940.0331625007841,0.001932225227241078
623.281772768587,0.0037112426500728506
1398.3261088313827,0.0001956956824609034
7415.297845027252,0.0007053576408801732
723.4268823243956,0.0029256374426713545
4639.971372695507,0.001143273474463867
891.0583489265,0.004097439356723656
167.90187212259403,0.003934071364112071
741.6172912885966,0.0016970603660197948
3837.8750777030687,0.0010337131882784652
5530.892947722426,0.003637054828723535
1767.7915873209479,0.0011262233584235322
774.5344136737987,0.00013467553237947374
6671.729843262291,0.0008572437184191285
4702.371500750461,0.001797477332732256
122.51866481935483,0.0027615569415928277
577.6106750173007,0.0019330965093943867
2085.403343162938,0.0011109520019804123
4226.8097389723,0.001925003326177863
1417.7402775497628,0.0008307540095571884
266.7404444226659,0.0019629599330911554
2192.5876976199474,0.0022904505321383007
622.3106738069584,0.003535206553162518
2116.098940887734,0.001995413671921079
734.0310407023512,0.000998901665846202
157.10212658512106,0.0016166592968117918
3332.2621635588507,0.0004786472387298855
5177.997309681486,0.0019908768566710465
4768.4778971335245,0.0007957150499126167
979.9529222419397,0.0019960993237819334
412.0020882344542,0.0019908951299495575
8239.264092349726,0.0014444885410368842
3379.523843172784,0.0009037386093576251
3956.1445636376507,0.0019393388282950316
2767.4971761964966,0.0019447966683378472
330.1381955805483,0.002654755610409285
7876.872624094338,0.0018834956089748172
3786.883301229063,0.001970923248293133
7455.2679310477015,0.0019205983257483234
6177.385948517034,0.0018980077833654393
1437.150642547241,0.0023879718378044686
1594.7161654913243,0.0037571514688762284
1211.1124469410354,0.0008032888185724443
3797.633212494188,0.0019902496718052927
7081.667446929425,0.001387099296446266
1569.7757570601714,0.0019868921346843952
1625.0514288491083,0.0016220266531466357
402.69098907852924,0.0006865407188884143
2263.408711552866,0.0016643642088750633
7533.544484023838,0.001989897051211414
5300.871367870791,0.00019048077545053325
7281.673517492098,0.001048923981658984
5469.04127519766,0.0016406441926953173
7806.401846714184,0.001661261908990029
7046.131417492049,0.0018316770909863553
270.33210241252976,0.0028391568447969843
723.218358026768,0.0026309802405188763
1040.5236915807216,0.0012874403243258812
1085.9236795625004,0.002295052461351731
2838.3905946700143,0.0004783551000091064
1085.462350690541,0.003992264009711823
929.187648079121,0.0015980695095812539
2479.9476808146756,0.001084002580673013
615.3349806024979,0.0016106643907377318
5555.990057886738,0.0018823227727778435
3346.803130551413,0.0013341644445318147
1498.5755505393079,0.0018664645513697144
1240.19579518674,0.0030932377637870115
5473.700520562147,0.0019878619867664247
575.1355811617665,0.0017948970624381544
2041.6896699908705,0.0017440663622566627
3180.809570669215,0.0010498917656413256
3603.957758551223,0.001978032457292075
1354.2901114751332,0.001437798164520804
5313.5790148873775,0.001757026714402924
180.25454695049226,0.003540192097101366
307.6600394214124,0.00594658374593901
3932.4497546094435,0.0018096969575503393
3462.2412156445057,0.00344521037146767
4054.8330066424323,0.0019827931119065297
2265.718956386877,0.001962302240808281
1767.6962980889766,0.0016733060087090808
7979.737248094072,0.0019145426719075949
4748.207349524862,0.0013085687889637018
1828.1266297470138,0.002365580538028605
1982.2594614738086,0.0006922993916471154
2894.1683403109796,0.0019808038478100424
1354.281760666991,0.001388820239501434
5075.72956901562,0.0020542360798273007
3906.052589237206,0.0009882105338712948
3302.613332480014,0.003418480533160609
1013.8488287601926,0.0015359928674375774
748.6683167318444,0.003392613614506973
3181.8490483322166,0.0030533431747439073
4776.065299124142,0.0015989558486133484
8331.31340643767,0.0011123295550552244
928.4442605886873,0.0005622312367078438
3610.9096973481824,0.00015587522359896284
4693.238115714668,0.0005271485125949951
2175.0613224032722,0.0018857062733036358
1629.2865166113525,0.0018033576424597002
1871.2959008552702,0.0019015123367607484
4921.272315594103,0.00101092622114073
6115.59400348473,0.0019849570755332735
5049.842882530204,0.0009112817648536097
3600.360067958028,0.002085915087792262
1008.7870642634218,0.00328250761348615
6430.674398044151,0.0009292151250115951
1480.5253138466242,0.0003842386960511687
749.8440887803511,0.003706862890243322
4779.606126193225,0.001713501031474526
1898.7057340007605,0.001962186687351952
4743.80631836322,0.0011815943899474543
5736.832081077279,0.001968589200500057
4449.23227093889,0.0019799814679296174
2300.2936385343455,0.0015422488581259268
7749.4857234765295,0.0001835148993781971
3458.5149224028796,0.0019484038691357708
3599.7664543930578,0.001591322597284511
4686.592433524028,0.0015472515410628425
2423.446636803923,0.0016127253386151725
6563.550225427279,0.00020827847198244106
980.4176309912516,0.0008105710581071742
4232.419984711018,0.001918690655842774
287.99172077903563,0.0016159444915289406
254.2800179420325,0.0008866304423192917
329.9109983343329,0.00325634341315697
3776.2320047630346,0.0013424509299026772
3420.3685417573342,0.0008514484342328545
4455.941435321349,0.0010314415315938726
1206.12688262724,0.0018561189225287879
2894.344198589733,0.0012127759807120334
7909.156287970195,0.001970527234325674
1627.6554626386605,0.0018608492615251292
795.0081183573728,0.0019573876445633793
8279.123232666363,0.00016698758361067403
2965.048494085573,0.0002605768563050566
891.5983731294227,0.0005713334744601159
1636.8433685919297,0.00024962130987166115
2081.253707942444,0.0008444366516681133
985.0799833554006,0.0003515850183304963
4228.117756919818,0.001967243236406159
1085.885046297554,0.00235717257768245
7326.624903160698,0.0013124148800319896
1750.864437020226,0.0008713449634359551
1828.3426999411338,0.0043140633076645596
935.8753447924969,0.003301323581765585
927.4938621386381,0.0020992814176389427
2357.96726979281,0.0008902496668529023
2605.289666614876,0.0006590953246077504
2262.9914692116554,0.0006627864625714038
5867.32569183836,0.003475374144408038
1391.8393220798234,0.0012235363150706236
623.3642668834885,0.003671511734037085
157.3269184625174,0.0017813418092734856
131.55046129503557,0.0016230244922719366
5178.18640834912,0.0012007449160535348
1594.6557025550458,0.0034970032934200533
6247.287046223108,0.0007046359473616007
8177.26978979073,0.0017964027905544363
892.1690917035155,0.0019011597557433365
3060.77872334196,0.0017970921006222075
6275.971237513598,0.001933817000039676
1244.2948297103692,0.0012574370855503044
3758.9039283817847,0.0019627976257796777
1664.1342169200057,0.0006368122425861425
2267.98576119585,0.00168617785377592
4686.268832389496,0.0013241515276026384
833.2063905041612,0.0001041900281743784
2060.794028195984,0.0019738186233819064
5050.895955007138,0.001429859141238217
3962.1953269868773,0.0009144517705129164
3698.3639895372075,0.0018412253022497044
28.50540226532052,0.00362718839422021
5530.870249462063,0.003793722385522775
1828.5101435200775,0.003836231426808641
4090.880099461622,0.0019943976117097768
3975.470771207807,0.0005929700053525302
411.96756063430655,0.0019825155850794634
3610.62452846964,0.0014109816454374792
1028.4517550567098,0.00010928387239354219
4959.507592077946,0.0018552923794555231
748.544784923118,0.003952134939493622
603.8879575020056,0.0013228117063849708
2590.7292822494,0.0008235976901121253
609.6027581261072,0.0020964427829992796
1008.5951627841172,0.0028862124351105105
18.390017692805458,0.0011858950853331446
2936.5432009679034,0.0010435930850782199
59.908064002058694,0.001919057627078176
1750.7854370956893,0.0013723020349538134
367.51075114555107,0.0016827175242420795
458.11084024119407,0.0018646193349529305
319.49321241843273,0.0017417159840293244
5911.982250704592,0.0019799827836566386
2527.9700190950216,0.001815080074388715
4607.815182126943,0.0016207755102327335
2936.0303226617166,0.0007215083073548208
1568.1985556947727,0.0006021112552318273
799.3698387449978,0.0019868701128272926
834.9610895597475,0.0015691780534089772
361.74541096839096,0.0019868183475853637
936.2724475141728,0.004114529445318617
1767.3867634325934,0.0012643968778311978
5075.927189752879,0.001487892538938315
59.84963819167436,0.0021323184505704523
3616.0240773067208,0.0015543312809867863
509.258622796081,0.0013134533220467612
5701.892681668754,0.0019459132384266854
1078.1518259145591,0.001498583049141289
1871.7640917897763,0.0002532946201449083
3063.092378321482,0.0016654275632826062
748.5617045489121,0.0039572165884697195
2188.608877626764,0.0012870861933577413
4651.784199427748,0.0014590581003655664
1825.0730544235907,0.0018211307098395125
1114.0260030252011,0.0015262231177769199
3040.174630479196,0.0013993376663249488
5240.188649554484,0.0008354058130330659
4877.2404588644795,0.001552163313343054
750.0759183510295,0.005404593911907709
754.4088086665214,0.0017428140327659777
3593.4519102155086,0.0019919673496654015
7463.769728864217,0.0019924497692918775
2423.3605665082464,0.001110400438437236
3585.053799305199,0.0016525775564978555
2092.151413402398,0.0006133016412931991
2886.3778801985586,0.0015951849534873524
3163.8489949963764,0.003916975641451511
1634.5710064809018,0.0015349976553082837
5316.796244476791,0.0002767169738577939
3040.135785817101,0.0011660213218470375
6154.762058675537,0.0007853453055599448
7046.118534431497,0.0017798987374704172
38.26445618859743,0.001994498150285671
2092.1041401765715,0.00041484400148404416
397.5959511831408,0.00015960187420531094
2403.8627209951173,0.0014266943935253625
2027.0498216698497,0.0012110625944144787
3786.6218689603043,0.0006850174205668204
201.46379076259194,0.0019756061406398253
270.7541065194456,0.0034799565708815623
6024.458068459663,0.0018476006839836209
2311.7689343175357,0.0017237080447671525
2323.5715476540263,0.0019629177928960372
4071.946833604492,0.0018453793888363445
1825.2093809319292,0.002148706195506254
1228.2783858481926,0.0009308618106848671
371.4000231022483,0.0009312819665600896
795.8882342365271,0.0013313785620987753
6367.3538364405695,0.00019612136035787302
622.719176336213,0.0024520643433112357
58.213749503638276,0.0006786627609250494
5917.397345563527,0.001981936315220131
1126.5228798899518,0.001994614799449711
2991.086879796182,0.0015740892181604774
231.74145395714447,0.0012044211615795865
2.2822694402310986,0.0013099933294793513
4876.967409706012,0.0016075690666638488
455.92750246785585,0.000488948485059237
1419.3822102696756,0.0021196600718330232
6888.740490645491,0.0010151126000938985
3374.342148842797,0.0017878909338803798
437.5569777022649,0.0016509989796078294
2189.0985200869977,0.0015800917442706894
255.77763038802516,0.00036257651092612284
851.3973322058342,0.0002988704177889857
1425.299338896642,0.001993658033524542
1392.002021068952,0.0019643329096910305
2119.318291843963,0.001979254573716037
1898.7739069763745,0.0019698918421105095
1506.6115762160225,0.0013556579476406974
456.42593452244853,0.0018277851900710598
4095.1060227958596,0.0016824473094063158
6266.837454373552,0.001980515355375253
456.42663642257645,0.0018304665768327907
1540.3426077556921,0.0014969786673994215
709.7990896858553,0.0012444033555706298
1743.0799841521691,0.0021985424098107504
7455.088226356296,0.0010017083857028009
1372.4162537333566,0.001561201623462116
1612.5363313750752,0.0016776193354429093
1044.3485671277544,0.0018118955534179191
3604.1658766058663,0.001317239579142821
3180.529899183558,0.001988412656537579
3414.518322996688,0.00188390112696908
4054.806498557598,0.001994181066472641
3712.102895591203,0.0018983741654489846
5306.058939791673,0.0017982843914857174
3163.248303106871,0.001836444289610521
706.9689299167482,0.0003020350531412794
4320.79441280155,0.003024443146519151
305.05600819721195,0.0012522217833659608
1203.105910702572,0.0008733774388602424
2265.6040665288906,0.0018461442159281981
6350.78946671626,0.0009016588246570978
4636.0129063416525,0.0015255127396749345
38.32353802627653,0.0019011128747749586
5312.4397872148475,0.0019946267477185995
1269.6665965473937,0.0012871082218650519
4608.08768272471,0.00026627312173941177
3477.4226462674087,0.0004918559724671035
2119.130607499711,0.0011335463232203995
7715.800970657613,0.0015674616425656737
2026.842958256478,0.001993467844134495
2030.4063476287636,0.0010041352646868694
5705.65460179189,0.0009525905460739753
1598.9999261608034,0.0007027049223276891
7599.527693742408,0.0017158541464467997
4590.700819114133,0.0019319826425994759
2030.099436190131,0.002041603727664384
1598.5255110056366,0.0012973433657741276
3164.019857731274,0.00336790151140251
2960.9758283326346,0.0014391398228336717
1971.3476324528372,0.005584108679765621
425.92112336411657,0.0015481074419179865
329.69674934479826,0.001764065282766818
453.70008476293685,0.0014491242537226139
1594.632134368591,0.00332616861351881
606.3051213523584,0.000593939673056293
2838.0946182767275,0.001951197073214629
1251.3949991161421,0.0018442337487629625
6842.726627007473,0.00028942641670087353
7740.14625765843,0.0019946876640509043
3106.5202175012123,0.0003789910100651313
2263.0157678572536,0.0007879413541143389
6366.806305037577,0.0016821627127601708
6247.744957410206,0.0013935402654214936
5679.358234860755,0.0014332524380248133
2176.535180732329,0.0013365470060333424
767.4298241007871,0.0019769106829085536
254.02965690690115,0.0019942024171227656
5972.594663541959,0.00045168127031311624
178.99651771331878,0.0016639268077324602
225.22659535281375,0.0007630483453589119
3786.976823395752,0.0018995289377607726
6431.056966729975,0.001586415729571579
693.7737419701101,0.0022227509887164424
418.5108754668715,0.002877984442790287
428.01803563550413,0.0028820567167661465
270.6969601587187,0.003718461835378773
31.24675923831132,0.00016603757950601363
1664.0589094460845,0.0010479459359195441
5120.997564700807,0.0014066055381071444
356.8259971426878,0.0012969028729094792
5079.097704316674,0.0015955456926440906
3236.17680046319,0.0006754715790404911
2651.7863604153426,0.0013550470215341274
3951.5596432284956,0.0019298584868748423
338.2514912294178,0.0006310965910188427
785.8330976303088,0.0019227206746661675
5276.862740039507,0.0016296879418740916
892.3745922771178,0.001554452487741012
1046.3448744169996,0.002371470138119976
662.4598805111618,0.0007799322449483151
7212.095742127195,0.0019682753845325766
1029.5181103846098,0.0019930153360880826
5370.6678014047675,0.0011962556194397482
3833.3713009477374,0.0012182873131568266
5443.947530978531,0.0018169973730723008
7115.370297104778,0.001992762375293758
457.6489044857888,0.0012438581333661142
1400.2740228212974,0.0014525081193952248
534.592120741416,0.001127154190587715
24.35726765779162,0.001155275384659517
4320.961710732661,0.002148124904459784
7518.440015770862,0.0014434691760435517
474.5628173752628,0.0018520227586578935
7463.837571596865,0.00191169403232488
6751.925022221345,0.0002168876077888513
1310.164128790163,0.0015144519771881281
579.2491827727395,0.0015302307236238289
3041.3003162015725,0.001950754719387998
4203.017983903204,0.00034947474365642323
56.41086387014644,0.001994376359020905
4226.53960167375,0.000539283403349005
1138.5373536382547,0.0017242603530683257
1100.0926963781226,0.0019943107708895453
310.88538577839694,0.0005221179555556209
1625.1337606545983,0.0020406480309661844
891.3883625420598,0.0019745678024471044
3997.0275898645027,0.0017077604376407858
3163.522462593939,0.0019367117829518115
361.5318089218165,0.0012353033784772954
3746.3314942533266,0.0005174485370685321
2804.998410371824,0.0011584230385686602
644.9452441335313,0.0017710737110468305
4090.8963415060093,0.001990697413296089
2423.834264621119,0.0008723763561813917
2271.555464814518,0.0018210213490286054
1091.0406643679173,0.0008171829241187291
933.0694596190616,0.001484233395548765
1511.1907526867358,0.0017160741087112433
7856.604723351764,0.0013364629238079052
3419.8875683928286,0.0010892397713195407
5240.978055688538,0.001582821835679374
1042.0748258435656,0.0019947010389847974
807.935540457031,0.0008247579746162126
890.8522108849927,0.0039030847715333518
707.3624238968398,0.0019941639231587562
1498.341877640219,0.0006160451184828436
427.55263461652703,0.0011232489910050374
4949.842456605106,0.00192336650300413
74.67813209889353,0.0017822462175165134
1804.454351045403,0.0018683726633900019
5867.43461930002,0.002433151028815497
2998.4907331443246,0.00010112369244341424
7517.085814468957,0.000294594349657525
3974.9992900583907,0.0014487215001511118
749.9515564311918,0.005055979026831606
287.9648128808302,0.0017474909300453456
19.154382234835452,3.935425891071084e-05
3163.7778145911643,0.00344908591512562
6688.297265359733,0.0011663049799337287
893.1368060552161,0.001657666817189381
5737.000866264148,0.0012022348767850802
138.26745454943548,0.0007602376239797668
1090.0504787532745,0.001960790676950874
956.9527414737246,0.001806967208248816
28.428766302373443,0.00292766444788247
6275.870198881638,0.0019303186839930296
4414.574069780819,0.0016109752212916588
3956.3209147123553,0.0016206525241092046
3605.119043908701,0.0008967410086559795
1550.9236053305208,6.788632071499884e-05
3379.850067043992,0.0018608224187642156
1620.7533283791036,0.0018129854988233752
1240.0415265948664,0.0016329401573961459
381.25632181464636,0.0028549088804907105
1311.2239766064013,0.0019946591157302854
8089.714072099041,0.001983787348445891
716.3352735016135,0.001881173495840869
2960.6559643665787,0.0014585272316889697
752.6515174505975,0.00040150680677614935
723.5257536013089,0.002594139217564087
2615.9594765937363,0.001943600612297857
126.71458015254471,0.0014575056125515386
2081.0853819899025,0.0020276736807585917
2392.678986288908,0.0008098816825679875
1176.5673768716986,0.0020311481779666423
7112.31192382104,0.0018720297931964331
126.61540362036071,0.002002674018036147
407.06943701991725,0.0016533256466114193
2894.032318836274,0.0017034945541118138
1848.8236063019856,0.0018679652766369925
7063.387018537698,0.0018140947324905604
1040.7254561974307,0.0026664065801562235
3379.799059978805,0.001980933090842038
2188.617089012343,0.0012728982902123962
844.3421954783206,0.0032098411585493717
741.4678906065561,0.0020177039579817955
1314.9965587326708,0.001987198809387937
1042.0836019749534,0.001993087150817122
3479.0673624583505,0.0019349713454811055
5273.263119407084,0.0009102000248378464
940.3016789109048,0.001100912572222028
1433.8207428871935,0.00034475836558237597
2188.069947807792,0.000745681585707513
8.553049462355274,0.0033156434563562337
890.8436185862599,0.003838283157523877
33.245757882530555,0.000751604930360514
2894.0223268844866,0.0016542796688383942
1762.6516842958815,0.0019926950221854614
3175.321535541111,0.001448678075104038
225.28503431263485,0.0010963110530005545
370.6393556329701,0.0009118654155571213
5240.8711227015565,0.0021815734469422354
2441.758277736207,0.0002774764122709157
604.5259344070945,0.00014708365964246812
3302.7419820045566,0.002307622089967116
733.711566042323,0.0018253307260528066
4242.148728047386,0.0017613189338150964
642.2626483628396,0.0017246106104935868
1982.7260067162777,0.001356802719352057
4610.556754721847,0.001800965596299638
1598.9754817008695,0.0008321563584141051
5316.689250634309,0.0006945049637419586
4782.0663540524165,0.0015529211483455052
1649.0265131030962,0.0018186651118214977
7212.130773520941,0.0019945723778854274
1263.6620952904732,0.0018152092691946476
341.39325108051486,0.0018350132581440397
2965.053530392805,0.00027407097015153025
7997.38104366184,0.0018091585365615432
2806.2251478221006,0.0036371293026428494
1436.7737869828475,0.0018968920121865665
1372.5875210722986,0.000594110784064044
1054.010092187376,0.0017003370239448033
3830.1211824224333,0.000765274218826495
307.77124405510517,0.005259982477541842
1086.856505313342,0.0019831980640250546
87.20607871128688,0.000991421752974096
602.177142585872,0.0009886856088079797
5607.281303625424,0.0019568901317135777
5444.313302256554,0.0007519406160334169
3830.7834507542743,0.0003114811763360302
1832.2992184050433,0.00028612886629467876
1727.5326048619304,0.001605350895954787
926.3600693001208,0.001896047681052265
5240.397599337674,0.0021074679088467223
3283.430177089028,0.0015879165351248851
1835.5921906877481,0.001638159781275909
269.9149766967219,0.0006410150345295002
2108.798564526947,0.001434059660561653
8089.481368203588,0.0009034991315698506
8024.347695909314,0.002818490968384795
778.4826450743393,0.0010500180629147212
381.0721745519677,0.0036902803118037913
40.996540546286084,0.0023576108568726657
4331.934372403061,0.000860507679226578
4416.475462379961,0.0017847633490115083
5088.565162473935,0.0017670214553433912
5313.534989423017,0.0015349665254458056
7041.789388131186,0.0012707379891469211
3286.545767477587,0.001291402574026158
83.2772343106399,0.0019182567602302868
121.6499400468789,0.001901085853848108
1594.7456461015818,0.0037775462787683852
1085.891280193342,0.0023480435712025603
4776.124692985839,0.0018640585528852587
7517.805405625257,0.0010971446336509238
1315.3071599748275,0.0006809438055281157
7677.040032252378,0.0019717901830565996
2241.93898545447,0.001929223292932668
623.3806595065932,0.00360722690411373
7680.833047540135,0.0006928955705016606
1469.984575765268,0.0016452404722144007
5613.699171770861,0.0009927320276652775
2176.2219881150872,0.001592535119256831
1008.6518018063277,0.0031978348494756765
1971.3889777138006,0.005406305023153567
190.3965498150402,0.0010921721443219695
5714.071673124035,0.0018996804938507244
720.2125478454504,0.0011860760532892412
457.5953397745436,0.0017011171966083475
4362.7452917229775,0.0021477668186234687
752.0435741056231,0.0024965439571471956
230.41272099712586,0.004201183607306274
24.023660094110927,0.0016429602105261152
792.8024112471073,0.0006264192746402592
4633.051559843946,0.0010223108662991772
2044.8070330702872,0.0015998658681499677
157.13152526669543,0.0017591876318245635
3534.110368040396,0.001222216948385098
8005.957375922236,0.0018725220136131702
7875.407744097532,0.0010719429143179666
181.71294714152975,0.0018994967827119546
7230.835565514319,0.0008068686789819638
8089.620817015683,0.0016949046773368662
1750.182009554808,0.002125500142023829
1227.9072434107948,0.0016448051115091269
2104.023018622101,0.0012598117917177751
984.6429353234971,0.0006145122135924125
307.3899607411313,0.0022390604701994395
943.9594294777544,0.0014837149349921073
1567.5760175512573,0.0005862714152041181
237.04353681040476,0.0015042757528546265
2894.2010300354004,0.0019170933710269294
7415.809491208122,0.0010697353037290639
1163.0186544891292,0.0012959725569071166
1896.2645292153102,0.0019770920078613996
104.89327193466112,0.0015777047644638803
5162.288936092732,0.0018974691081906905
304.66750207771673,0.0033253643689671376
4924.438276264138,0.0005143257142387587
2371.0086497733973,0.001039682647412901
1390.1687292475797,0.0019201033667307955
750.3521384122089,0.0028170545431504333
3041.2438051144613,0.0017659120600366067
1085.3676728745556,0.003541400502584556
8.672326532248114,0.003764942296210599
2820.8793924324154,0.0016231628711938105
7275.041295256434,0.0016595640441837108
2263.389948537434,0.0017532943568073606
1044.1642548557807,0.0017750141119157968
3698.614810267365,0.001385274383111135
5292.2525902697535,0.0012251110267069017
38.0611776780236,0.001207712576746358
5257.384716164892,0.000720339566503118
1749.9843971248997,0.0008941365349663721
495.9147191104603,0.0008230924257529733
1033.036029804288,0.0012845214646126817
4632.39984188926,0.001120325056879739
3709.2683279893213,0.0010627069033243683
2674.779294485795,0.0019401607014472445
361.9074038077053,0.0013316080029651227
307.5674453330415,0.005214000935895522
1649.1204217131426,0.0013311220643198434
418.29600494605864,0.0010517658577517586
4949.693931598215,0.0011947039275150505
7907.969566080225,0.0019010138942091655
3347.1961773187345,0.001127325027894306
8035.459137598869,0.0019085847107064003
8245.542484915526,0.0019598447586577123
258.80978731296926,0.00019568385832423215
190.45749498494507,0.0014567352340746987
5565.384986558793,0.0012138466191100041
1951.2757563186278,0.0002115745210824697
717.7214127131386,0.0008403607334614361
1084.6753097822907,0.0013712530884568324
3062.941245775262,0.0019709032604789574
3600.378921826303,0.0019993599172007117
7230.959896855512,0.0015350669393287275
2857.25675625679,0.0015085159782373628
3179.855199565342,0.00151916704631751
1354.6662246910143,0.0011236314202718299
2045.879274460218,0.002013013778163326
7035.984505897869,0.001792397000467224
2680.8661223337194,0.001870825162942917
279.4226554119001,0.0018947504010565688
1692.6268390727787,0.0009444481343359118
2.155065909487163,0.0005972089995019969
172.0129123644877,0.0010851925657042632
1743.337537270122,0.0013435878200948148
1028.8083320189671,0.0016451977223496833
1390.1401655985248,0.001977068262191805
795.1339068060819,0.0010235791402452153
8319.294452328439,0.0008624698047948074
5604.892509158388,0.0018791157551899152
4122.518277725846,0.0019761020322399277
2351.3958750769084,0.001197184530912943
307.849844181078,0.004009494789560416
3997.181907610346,0.0008248673945801532
5748.988175924801,0.001677305278800398
157.12230776765807,0.00171718576946131
7035.967650694381,0.001717768954538117
418.88739975358726,0.0024452603849552884
5600.786582457864,0.0018980183642256436
94.09888873106898,0.001320726551824832
623.4527355865471,0.0031284622535070997
5600.737362970263,0.0019899486620349295
7321.81198042093,0.001991728074394646
1399.924184450593,0.0012670485698481207
1356.3349029535068,0.0017451094711007956
4693.487891699088,0.0018539701092516205
7998.062157261363,2.46947056386023e-05
7046.418165049606,0.0011847174058812289
176.4581515224583,0.0006859041213334072
3600.471682159922,0.0014623603254178244
750.1223601639094,0.005141921289582128
2165.8275974278313,0.0019063514904075138
794.6968591021962,0.0031372746914684613
1356.2794851526298,0.0019380906566438402
790.7414324481437,0.0020605371192351225
249.6488107830805,0.0012673017073994953
283.61634257420906,0.0015176828528062777
927.7115730254436,0.0018549609871940152
2354.6315854903833,0.0017168059936348468
488.41320234952275,0.0002926540803611583
2046.4599126028268,0.0020153780217523013
1433.3999184154022,0.0019424624169832427
723.1234841848423,0.0020742286785244536
3546.3049139342743,0.0012256314210093869
411.98880691373233,0.0019946910332710333
920.1004572505074,0.0005397741246389283
833.6568170303179,0.0019634656592809837
4768.724990538148,0.001980336458112437
3511.082642694867,0.0014271545252813554
1494.3022550191586,0.0016811379623247749
1692.797079165881,0.0018616179028922851
1091.4331947834912,0.001639087932617191
2108.626123168043,0.001992237942474341
6247.474906121437,0.0017573985321672468
3079.227933364504,0.0018354530892928695
5469.026834109824,0.0015641498388937372
3951.707317043283,0.001776586972044315
4610.510602877374,0.001946462626416209
110.20568680891131,3.712072589451419e-05
6747.912161793748,0.0006234692818947763
4228.094873180868,0.0019175209509345386
8331.124832767002,0.001975831944913083
4821.994130842081,0.0018387644140165588
1054.1997056175496,0.001853674894934183
4894.818532890823,0.0019869299323592346
941.4759393821807,0.0024022792734935527
5393.145484219385,0.002551560491565269
8035.6076203282755,0.0018064291427677438
891.142581138541,0.0036668609108172277
928.4651683951587,0.00064068651432921
4475.972151746872,0.0019203145791292884
622.5872917779947,0.002581021726076271
1008.5915507878523,0.002861953022752726
2334.1223135906457,0.0019062914967748798
2119.456446353347,0.0016994397603874302
3599.726748409422,0.0013383558049579161
2357.330735479015,0.00032039487377579694
8019.642965319574,0.00169626379855831
897.1032627159506,0.0020367636676974147
266.80194434564856,0.0017719656944333293
5530.84071138274,0.00393128923579133
6888.510790225113,0.0019945208406716474
5075.723664855475,0.0020487515424237918
330.4350890344832,0.0004737234560510331
5592.723960571457,0.0013728049518516579
28.863137802979335,0.0015355661723095058
4732.442179114802,0.0019580621762942145
697.7176063587317,0.00036049801608210885
5749.074545703721,0.0019703102984121586
620.0676827259031,0.001557015875329825
2805.9766635154688,0.0020450309835353996
5495.158408828597,0.0018449324606295942
122.93611473480456,0.0015578087328221013
685.0454044644862,0.0018520675342987136
3483.518667664314,0.0014892484524847173
4234.468912381641,0.0017036482837434626
1356.035488353889,0.0012340470989898357
161.1366551981879,0.0009673088780232106
928.8137105129141,0.003243150166605884
1424.6674483281292,0.0013259986411626086
7415.91398711276,0.0005208272223364681
5395.629869868183,0.0035549431499668363
367.75941122911206,0.0016980850235778242
8177.008664215868,0.0013922904691132038
2029.463369836901,0.0012511482028469034
305.5831091553583,0.0017186316316836923
2817.0570070319436,0.0017424123525979004
3704.7077214904175,0.00164872391325525
574.6234523057606,0.0021645308704337884
1956.0188774597327,0.0014346428157045498
5531.04820997704,0.0019304626660991621
3704.464122196504,0.0016653748628318013
1046.0567965360083,0.0010902959370418489
785.5773055402677,0.001201738209362607
574.9375339983277,0.002913424442092161
5702.193134226715,0.0004506703642458543
1162.9270639794743,0.0007626946991150869
1424.3942872356754,0.0018009583935714626
985.8167871641162,0.00038225528689598957
3191.7516552619136,0.0015432306569024825
5075.501307303043,0.0016704825366214964
121.8416422945008,0.000909419423149982
5881.211693083836,0.0017111653450671055
2637.5009645576565,0.001958495001903194
782.5998925018671,0.0015228754140965764
2783.506047009169,0.001784301489789153
920.2466063427878,0.00012680489266444326
