0.7317991997431762,1.6137633492430676
0.7985535896819086,1.62608672185184
0.7001997870290798,1.566569907386981
0.9381204810820272,1.2804033605367746
0.3997218307337547,0.5585993139249678
0.6063930284872321,1.306372286319111
0.2554788616197034,0.21892737153796857
0.9333281173470708,1.2986332402577654
0.8712521791148186,1.5006205721337396
0.46022245061743977,0.76097294839606
0.6605500627914351,1.4752439416657046
0.7950646890501674,1.6285260933287649
0.6946308466566466,1.5557672914385954
1.0808754007970387,0.6874134650172583
0.5979535020507873,1.2767623026103965
0.9959263127503664,1.043392385465447
1.0991527248557031,0.6169107360143139
0.7885201320081827,1.6321783599761344
0.7147138059367938,1.5913073246929768
0.504706732510454,0.9256761160190184
0.7844819807104777,1.6338298593545977
0.9313661680614433,1.3060089335057141
0.5788205956421797,1.207405831724259
1.1305128169045198,0.5045437699809173
0.7138925598184009,1.5900432154005688
0.752006592029266,1.6304735390784226
0.5435640928539617,1.0743502511593865
0.8531571950775338,1.5445262615502033
0.1607281509100802,0.10082817511447728
0.9155101787906651,1.3635733578287001
0.6315381420709604,1.3899320694395552
0.8825015008464157,1.4695377683250634
0.7498402756612843,1.6292087069562315
0.4505967629128928,0.7268253766249649
0.7230957628980382,1.6032503274814278
0.680179538731677,1.5245312462620528
0.8198743053756917,1.6038047160008406
0.6563157814576717,1.4636611174493581
0.7688609169160138,1.635894202092638
0.5902309171227291,1.2491057833167472
0.736969956542798,1.619076480092241
0.7860936101606969,1.6332258667272035
0.8629021002344887,1.5218461181783374
0.46656643084273786,0.7838172468655005
0.5624329345723373,1.1461541241286022
0.6322886085850095,1.392302155781381
0.8453326343493734,1.561043644606942
1.1471576321151393,0.44987957330395
0.7721635189026186,1.6360294810818066
0.720357629203404,1.5995425542459936
1.1640866764764402,0.39808101067893104
0.6429220217327714,1.4250039344862746
0.6761500976799444,1.515033385109924
1.2583756528175711,0.18111229628392345
0.4477767445894076,0.716945770994234
0.9541974956446635,1.2172529925644717
0.38299081630639886,0.5084141733984319
0.6175468679968099,1.3443747350824544
0.558324143919376,1.1306072795296538
1.0860482294245624,0.6671253194292437
0.510293452999202,0.9469303713703057
0.9722527511387016,1.1433655181583677
0.7526138566691595,1.630805075457391
1.0239401429473276,0.9234179213992249
0.6777555494729601,1.5188574463015563
0.8045065017831114,1.6211366530667675
0.9339804730197856,1.2961693383922197
0.5299636127515173,1.0222138813627295
1.0703770086521138,0.7293253911727082
0.9380552599152197,1.2806534339810192
0.8143588552297201,1.6107749044101762
0.955432145362276,1.2122899274173267
1.097135320401793,0.6245253984031576
0.6862111128287686,1.53811649132405
0.8507325318009722,1.5498085731296898
0.7690325907240162,1.6359087632235563
1.4351577970286293,0.02513586731584557
0.6386312566097165,1.412010808293966
0.617167896192923,1.3431065994936
0.7089676721493097,1.582117089967249
0.3959838044695375,0.5471514928987496
0.9686593959654796,1.158274450416573
0.5802091185145403,1.2125277106536825
1.179630104517952,0.3539891896527291
1.005863632475138,1.000875188213953
1.017034442065856,0.9529830724024082
0.9025866985723736,1.4074871921646857
0.9360442130893524,1.2883378303270003
1.0810205758995,0.6868406819152588
0.32210778454240974,0.3496402268524574
0.9868146647095657,1.082161411443524
0.9651704805011379,1.1726610435065263
1.12418518466207,0.5262616730752436
0.5095353699428894,0.9440416688049471
0.7443154136662076,1.6254051733211958
0.7247744060432845,1.60542940505789
1.0652442328311569,0.750146787865346
0.963314981749966,1.1802739097949457
0.7646540558824123,1.6352799375489453
0.4649578036153415,0.7780004539966332
0.5736724988275085,1.1883144655456004
0.6806334498075319,1.5255802168292756
0.6774029722326881,1.518022128952124
0.5242361974829335,1.000249193647028
0.855266951682212,1.5398117632599633
0.49240499021413464,0.8792160003649917
0.36665103508167785,0.4620798503428162
0.6084502973289779,1.3134833165335147
0.42938235004117065,0.6540062261830444
0.44022442642172743,0.6907809635915428
0.7227691495189434,1.602818016958897
0.685847258192807,1.5373188535040556
1.0302084966137968,0.8966603646509572
0.8693506770363242,1.505595744789854
1.082211732516103,0.682148327466291
1.0046331499553516,1.0061478716365913
0.5819954493772768,1.2190987835027236
0.5948485266674043,1.2657031089615927
0.818946043927635,1.6050361105800586
0.7455776017470193,1.6263469539459185
1.1309507254793458,0.5030595101280694
0.9114505633836464,1.3776778050215606
0.8894165262460082,1.4490849250368378
0.24672203427094186,0.20490708985825962
1.0298947805379302,0.8979971309175226
0.6157554884276752,1.3383654462926007
0.9353371011790788,1.291027449088019
0.32443859433507083,0.35501697315135955
0.45586868794494306,0.7454482959485865
0.5079781417095283,0.9381121576856765
0.18123938769279938,0.1205954848797304
0.6079844608444207,1.3118769868273568
0.611831994790339,1.3250749600910703
1.1515978114426537,0.4359174222527998
0.5139552830246713,0.9609018188445516
1.1023957886491464,0.6047619736428311
0.3641232495644424,0.4551530977118139
0.6764617219121849,1.5157797436089198
0.7308140906279195,1.61267167136685
0.5102360972351989,0.9467117681088509
0.9682043253730473,1.1601560771270596
0.6533620129984754,1.4553943454467393
0.837737957133394,1.5755863480086827
0.975366654818896,1.1303768017421902
0.7463932870861814,1.6269326859616673
0.6953683487759769,1.5572384068195593
0.9562931365711532,1.2088202847747629
0.9050065701100429,1.3994876988187865
0.27451872140737543,0.2518606344179579
0.6757368123602469,1.5140405133615438
0.5520735607729074,1.1068494943056275
0.6572114198276316,1.4661376992637383
0.963911867321685,1.1778279734731987
0.7413670593390387,1.623038215424012
0.45565027817488746,0.7446728933698559
1.063356059837433,0.7578565715781435
1.0689029670242476,0.7352838970954106
0.3964883791772593,0.5486889513995842
0.5368993386659133,1.0488168259770507
1.3659354271843172,0.058933167267082226
0.8884675907246783,1.4519501095179612
1.1466925616264076,0.4513573032676205
0.39540226994038347,0.5453825735723556
0.7855013937946491,1.6334563224577798
0.9338875645599762,1.2965205925753915
0.6344603258342785,1.39911594045305
0.38989862740305253,0.5288036029940679
1.0237330692389368,0.924303359159109
0.3981004225058912,0.5536172833052708
0.50061829445033,0.9101779513129744
1.093838850931644,0.6370604557487425
0.8298647747289212,1.5890735983553883
0.2017727676817052,0.14336826213774817
0.923694738844686,1.334330832477641
0.9416172369639247,1.2669191039129095
-0.0810710712864483,0.007601995136613561
0.6982229127972325,1.5628162883532568
0.6398473316619414,1.4157218048440994
0.8735352465606184,1.494538734564315
0.46060396036204027,0.7623393936035913
1.1500708478350168,0.4406890267588939
0.4637634611277205,0.7736922188548473
0.6372650044202568,1.4078150983005222
0.9939346909916862,1.0518888334385856
0.8109947569957092,1.6146154667761623
1.0639174507661089,0.7555615667208355
0.9419296296073629,1.2657072386175283
0.718722359786976,1.5972381451718265
0.9208679332346531,1.3445487318214333
0.1839810263531927,0.12345759987759808
0.6258003132406728,1.3715561228122348
0.8508775827756536,1.5494966793515466
0.44393352339262004,0.7035766385998417
0.3048112213250993,0.31147516298822914
1.079640468866387,0.6922935997413523
0.5767898264564918,1.1998934400284909
0.4841630356013358,0.8484208276701471
0.7313532258998272,1.6132722632013898
0.1639947650686605,0.10378780159481212
0.5930182620246652,1.2591454053335682
0.8035306290516387,1.6220160536539692
0.8956828836204769,1.4297114436191456
1.0952488324289174,0.6316849862362693
1.055446306559682,0.7904252933132544
0.20506236586582285,0.14731182301356413
0.6759750597220664,1.5146132971710773
0.741380008125726,1.6230491206315383
0.7215289592548538,1.601151865568052
0.6170766159848835,1.34280089897453
0.653891580364142,1.4568875491504922
0.9146512401864915,1.3665803955867892
0.5738930129837527,1.1891353423546138
1.1966049617270322,0.30966453342146255
0.9532999249633745,1.2208517557594578
0.5618316659229705,1.1438829781418371
0.9300975204341837,1.310750269112598
0.085861203130571,0.049722442296270083
0.8464458293762213,1.5587877727389974
1.0226829035843048,0.9287950560941561
0.8490996056921809,1.553283464971592
0.6731971050861413,1.5078638596540213
0.6664314610937345,1.4907910046345931
0.6811988777916073,1.5268809031179122
0.7432489385748885,1.6245759590803077
0.7658750828015881,1.6355091283534013
0.5334304376678036,1.0355129333493642
0.8056472662576469,1.620074970927332
0.448715805898734,0.7202291840288155
0.8275032035602118,1.5927983880054857
0.7634550066623882,1.6350144339142985
0.9747509907690014,1.1329496721079984
0.8813703792360861,1.4727878405716088
0.7260175454794917,1.6069967963340273
0.3373592847128505,0.385836858303403
1.0614937308294952,0.7654861447544938
0.5122661383851181,0.9544534799807707
0.7036695508084504,1.5729391184866104
0.39103324691212843,0.5321973951629895
0.6783154143563987,1.520178643369245
0.8494382149091082,1.5525683867024709
0.542795468415604,1.0714082512768186
1.0053209991883103,1.0032005844380234
0.5910616693758506,1.252104550417434
0.5376893788785312,1.0518458261523485
0.38211521231545004,0.5058633726448978
0.7476814837069198,1.6278210306904441
0.2717762731816127,0.2469059716170784
0.3539853212513475,0.42802941109066217
0.6967557755907874,1.5599726184345521
0.748046321416417,1.6280644454645599
0.48748624843357874,0.8608013097034464
0.7245742379990477,1.6051733338008451
0.6976692413122039,1.5617489115549263
0.5806352797114244,1.2140972438001592
0.7634892421415959,1.6350225698490537
0.46690697927514435,0.7850507272412386
0.7498864480547197,1.6292370011799324
0.4621808465162546,0.7679974267719767
0.7317124217920165,1.6136681998494855
0.8027334769032535,1.622714660930885
0.3837782922743349,0.5107147390980562
0.810243066551597,1.6154308521971794
0.6201077831526386,1.3528991179151515
0.6212001408530492,1.3565108933884737
0.8718967123360722,1.4989155265387466
0.7917470726020448,1.6305282556733713
0.8965876606241178,1.426850427267364
0.9017055386441031,1.4103735054406912
0.7087502546777728,1.5817536398982497
0.9420168098338237,1.2653688330381911
0.9528975867442235,1.2224623282005593
0.35843215738119083,0.43979703193074304
1.1893172553753737,0.3282048640809302
0.7594410775116168,1.6338347772194823
0.5247096840758474,1.002064309448556
0.6114597065618032,1.3238049146031854
0.6273670353296841,1.3766176714866483
0.5583672828312879,1.1307708222671227
0.443501610163443,0.7020811621246862
0.5078333061038153,0.9375609708659683
0.486235976127063,0.8561374797856183
0.5972135567756872,1.2741344737579081
0.5042833908322024,0.9240689906908022
0.386859525237574,0.5197753436841167
0.758091617805654,1.633337859457668
0.7918677071282415,1.6304608811220533
0.8331373015129473,1.5836663387505254
0.6303200764058179,1.3860685421605923
0.9950923452236142,1.0469514657525303
0.796065311213825,1.6278614520754295
1.3233040897931594,0.09467075352844641
0.6224685126101769,1.3606860459681511
0.9254043971053717,1.3280926883855249
0.9519274440222678,1.2263391786147668
0.4403761077744267,0.6913021387671305
0.8542539302055376,1.5420891442853906
1.0222556907984395,0.9306228657052571
0.5343375851481154,1.0389925187731215
0.8388568397340548,1.5735375152689242
1.0202717709226514,0.939114829464101
0.8563522229511046,1.53734407031021
0.8314154967338704,1.5865467664207948
0.9626371669146483,1.1830479590527014
0.5746933513057475,1.1921123849127564
0.9697555209515302,1.1537360921693027
1.204079390798515,0.2914100739635991
0.7402678444723767,1.6220961328368377
0.8579276041785513,1.5337109006965552
0.6626503094231504,1.48086922574369
0.5047548014877662,0.9258586323137397
0.8728404224191872,1.4964021021066058
0.8431263220215147,1.5654213836515742
0.6698787671985987,1.4996010683720848
0.5793372897764966,1.2093131923725422
1.171029511311068,0.3779730261901797
0.706313737959999,1.5776031186327177
0.5425648951782989,1.0705255417948654
0.9985524259095759,1.0321740347950916
0.49410500860466605,0.8856038546657048
0.40744858491605046,0.5826824699272838
0.6975922618100973,1.5615999542630878
0.253425873877836,0.21557784188899964
0.6831527863922351,1.531324077265205
1.0645832619487394,0.7528426741623354
0.8705135647911381,1.502562906211649
0.6691582932359448,1.4977786696664352
0.8501957729295614,1.5509581639428798
0.8922676451853534,1.4403669052683423
0.843566088252867,1.564558736199954
0.5576408727016067,1.1280161138927711
0.5223519926580007,0.9930279814567958
0.4599661071560407,0.7600553492688102
1.1329061603582102,0.49646163669397797
0.9989918589745631,1.030295356273614
0.653056888142183,1.4545318138416923
0.8716135188967277,1.4996658442634694
1.0832760015716967,0.6779669430454376
0.45703988228002684,0.7496118962086074
0.957763849495959,1.2028775527721733
0.6759682273707972,1.5145968870954531
0.7267394350251849,1.607888804091765
0.827870834425204,1.5922283522655465
0.886635293347242,1.457430334245965
0.8004475784728616,1.6246194123042077
0.9732409798178179,1.139250082659936
1.044639985464715,0.8355445387176256
0.9543455116508653,1.2166587725879539
0.6807401506404142,1.5258261765818284
0.7450986319597876,1.6259946328693662
0.8091250452634065,1.6166146399345194
0.741617167319914,1.6232480573833121
0.6502152197096346,1.4464231424935956
1.074314396625417,0.7134959484410685
0.8561760026625529,1.5377467169346881
0.8490611751131714,1.5533644412400296
0.8564058920714364,1.5372212910278815
0.6444214293787789,1.4294771816962923
1.0058271093251137,1.0010317127133972
0.5635846868605698,1.1505005836055866
0.46014026399067864,0.7606787082802383
0.5957413838900631,1.2688918567133878
0.7677474861950397,1.6357797442653328
1.075980509542891,0.7068368329832676
0.9706986805338944,1.1498243076336723
0.7914301354996953,1.630703312795595
0.6265707331555939,1.3740491413468527
0.0737466031848138,0.043996866926919925
0.8397660362368178,1.571848669367054
0.5520363949794511,1.106707898917018
0.9164165713833646,1.3603871321506424
0.7259275595454493,1.6068846674122805
0.9590781691471715,1.1975500530927383
0.9363912825665373,1.2870153304937033
1.1802942893975608,0.35217972484913146
0.9286879792235835,1.3159919019774104
0.46989657387748845,0.795909428523618
0.4025184883180267,0.5672512056038803
0.2572134332560094,0.2217875320232883
0.5467779928224963,1.0866416249034316
1.0080875769363817,0.991342263764763
1.1868826864359547,0.3345624377681399
0.5288878923934588,1.0180874566296942
0.5666349335531388,1.1619847350833274
1.179643353012691,0.3539530363851288
0.7577128495293212,1.6331893341684238
0.7461002784364031,1.6267243516675958
0.5604374440090938,1.1386113223843037
0.5588037275418006,1.1324250582455615
0.9151446903536844,1.3648543655305878
0.5328078710961615,1.0331247987366288
1.098444057977945,0.619580628192528
0.7058623865576538,1.5768187108393827
0.7120465911059911,1.5871414420405177
0.5739584268390227,1.1893787977488568
1.1401040475859876,0.47260108947234414
0.8529697057002328,1.5449399213487338
0.9088962566410043,1.3864096096915812
0.6769367532273788,1.5169136840668522
0.4392614472443706,0.6874763958601494
0.6830556527952913,1.5311050926932266
0.4150676235481221,0.6069720439177503
0.5220070340908476,0.9917062971860885
0.6392674573194276,1.4139550315468707
0.5935974305795803,1.261223553713853
0.535836676336684,1.0447419444635466
0.5890152388330848,1.2447078178027895
0.5257333127042861,1.005988960784327
0.8019792645264154,1.6233592809024937
0.9258757112567209,1.3263653840478116
0.751407280272409,1.6301364507584724
1.087414605927917,0.6618088125674337
0.8503135031164248,1.5507066341693074
0.7231700497346765,1.6033482766956322
1.0454664902107922,0.8320713507800985
0.7350379108067886,1.6171735347144378
0.6440994862873847,1.4285196994850444
0.8434711319808159,1.5647454223229016
1.0226849008005576,0.9287865118429048
0.9386036397205163,1.2785491575617507
1.1800130838888463,0.3529450762562506
0.6061182848720721,1.3054193244450945
0.5237459662058122,0.9983700773485513
0.4600312672357675,0.7602885529984018
0.7005798501661389,1.5672812255520965
0.7359976627726427,1.6181311510511303
0.7211426611525882,1.6006249460691848
0.5378993344405973,1.052650713697509
0.7543330279467926,1.6316888410639974
0.547646603650203,1.0899603892951812
0.8081728994979992,1.6175954431939357
0.5803937365728766,1.2132077943393824
0.7308910032452343,1.6127578141676038
0.8924683377959056,1.4397471077959552
0.6490000671063474,1.4429144412922912
0.48166959611386406,0.8391661284994583
0.7075905147499248,1.5797957685655653
0.6199374039587704,1.3523344528434142
1.176519509639128,0.36254501739024314
0.7692635778658439,1.6359270534218635
1.177984686326939,0.3584982503964197
0.7624264334144938,1.634754790121502
1.0672342532690238,0.7420499670435465
1.0820903883704025,0.6826257428349467
0.6571433311654531,1.4659499196141614
0.9910498682758715,1.0641752925125811
0.7490319212111607,1.6287039424965783
0.7317637687213779,1.6137245239380134
0.9062202691672838,1.3954357188244007
0.7623764437579867,1.6347414214772071
0.893013746809227,1.4380586882161281
0.6979684438120521,1.5623265898580865
0.3654017298198527,0.45864830757279584
0.7781320292041285,1.6354971660530941
0.7986334567440878,1.6260268788294423
0.7404198332770915,1.6222283184009476
0.7379451706077645,1.6199995093686208
0.5269756031384162,1.0107528572912006
0.8493694904153095,1.5527137523925132
0.8390125723214091,1.5732497635446228
0.6762399425166647,1.5152487704844146
0.5198738066959085,0.9835359524920042
0.23075473244956968,0.18109905016499792
1.1380880381229521,0.4792159707530654
0.4436374724481444,0.7025514242007651
0.6603948018947506,1.474824902590385
0.6046309089358167,1.3002470356039255
1.094663982978793,0.6339121815430067
0.44553148443441676,0.7091218398433369
0.8961730500082672,1.4281634404898378
0.8295443675135246,1.589587701405488
1.0181008969698346,0.9484132495596571
0.5405048080994788,1.0626358073971556
0.7759009976374434,1.6358133716928207
0.7099472899066691,1.5837405649723895
0.9103459134080452,1.3814677566037803
0.17109911539882783,0.11046720658485323
1.1922516818066133,0.3206511544246489
0.6965690023740161,1.5596070863685938
0.1288516073498177,0.07539347372207869
1.2510254027825898,0.1938420837318553
0.9641744295649127,1.176751128116398
0.44117408553811976,0.6940469436320769
0.997307470598482,1.0374942719268507
0.8012662229306664,1.6239540774970282
0.6286423638195583,1.3807136972392697
0.61773124224817,1.3449910820971875
0.9412328207623345,1.2684087711127365
0.5787124750685246,1.2070064976376338
1.0560006133695434,0.788129375313912
1.2017006046055205,0.2971363972597198
0.6244084819308265,1.3670326056466353
0.5229039305768544,0.9951429422301215
0.3809438198110747,0.5024628042722694
0.6964190668886214,1.5593130755212155
0.6791267032514506,1.522081753003152
0.3134236063910256,0.3300974803953141
0.9185839128589753,1.3527146596207618
0.7862225229808022,1.6331743910544614
0.896905662530629,1.425841116444241
0.6093230908724879,1.3164867880572269
0.7759918659371391,1.635803228699788
0.9818842162792556,1.1030073088678551
0.8233977863521064,1.5989170802432382
0.6717704109302457,1.5043378227804876
1.0029749733301143,1.013250586377805
1.175843208784488,0.3644229869567321
0.5438574387689659,1.0754728375516038
0.40773065833695404,0.5835722191866067
1.1031118403039817,0.6020951210240071
0.5662770548552221,1.1606394240477154
0.8856319034175242,1.4604020074707
0.9016648890738905,1.4105063108913867
0.22847516593748296,0.17788030342568853
0.9424733515973196,1.263595214602365
0.5811744300518599,1.2160812276958097
0.6510187916988078,1.4487299184306641
0.7118685636832683,1.5868571914340641
0.5319302597372094,1.029758209613039
0.6118665444174223,1.3251927473497689
0.737015353688785,1.6191200072046135
0.8671440955985688,1.5112651917743016
0.7242503036794651,1.6047567647979988
0.8165136630222841,1.608151039516491
0.6140245156194013,1.3325234150454246
0.869644285088354,1.5048329258839865
0.836856739661188,1.5771769943065939
0.8033063439413743,1.6222144076595528
0.4454495759500361,0.7088371328820214
0.7742718878124661,1.635955824168346
1.0987987840571154,0.6182435285687322
0.34728332440340653,0.4106784189991538
0.9519909532308395,1.2260856755897342
0.8351783506321878,1.5801503421360845
0.5017157951120669,0.914333167272755
0.969459777105405,1.1549614201989737
0.7817174613111605,1.6346953982581538
0.16797525075678826,0.10748876954411213
0.4424089827895758,0.6983043879743568
0.8810784584769187,1.4736221849360247
0.7980157304005555,1.6264850692010802
0.4093307989009036,0.5886335027369883
0.8275806051721931,1.5926786729351532
0.8050795499627685,1.6206078676543318
0.579973004479073,1.2116576116054134
0.0038577835845631236,0.020807478842564363
0.5187304274389453,0.9791591160080367
0.7575047255596641,1.6331060360658112
0.5804387525025301,1.213373587821847
0.535494075547433,1.0434280701450778
0.7069762233183465,1.5787456796807668
0.5383403034104491,1.0543411008484396
0.5159099621716579,0.9683706821034348
0.7577530456084054,1.633205284130447
1.2443545823318658,0.2059695109180352
0.8487166035460418,1.554088823411389
0.5792965372747622,1.2091628163964265
0.8814997581449971,1.4724174768303808
0.7787337277063243,1.6353878992658366
1.3443883026679346,0.07524706513263286
0.8839109094530184,1.4654500726716184
1.0602706030616027,0.7705103551504093
1.0731671901255286,0.7180947913711921
0.8619722109350857,1.5241089448940364
0.591185690381388,1.25255175978647
0.5343743890257688,1.0391336832506641
0.26239811766341037,0.23050247009012195
0.5204941421009408,0.9859113029324907
0.5590509706679774,1.133361880867956
0.47845604211099046,0.8272845893922478
0.6733130523894343,1.5081486513094142
0.5838934357445562,1.226057290095893
0.275271987575632,0.25323414607605427
0.9635059746573305,1.1794915670974624
0.758833809345418,1.633617394397861
0.7711552902583412,1.636020604654743
0.6939639993002626,1.5544265771764083
0.3910690960599117,0.5323048292408037
0.7711154901224199,1.6360196692925195
0.884370204253905,1.4641089292751435
0.5982542700312496,1.2778290446258527
0.9314944882583921,1.305528127439224
0.8176733772217888,1.6066861072150873
0.45736508612066173,0.7507696634683175
0.5826896662454747,1.2216467943218552
0.517925700233185,0.9760797347352832
0.9430853013486555,1.261214000938393
0.5984420402393104,1.2784946012527976
0.8573440626417611,1.5350637035838757
0.786438359023632,1.6330871575585906
0.17432194482359537,0.11360923662105489
0.8653612134250918,1.5157636199285403
0.6312700340737006,1.3890834364826938
0.986621679276872,1.0829793450203749
0.609922952950406,1.3185463465990388
1.2371394713982204,0.21971558905141128
0.9679993306033357,1.1610031976151949
0.40669124613387986,0.5802972354979696
0.9634607740133738,1.1796767441741307
0.7215000162650927,1.6011125172054648
0.7462374312552983,1.6268221589341223
0.9280547860934665,1.3183374243967905
0.9317224277340725,1.3046735006046917
0.8325329448762294,1.584686320969518
0.8138880580985142,1.611331177458197
0.9451347523728556,1.2532075617942922
0.6949392244633077,1.5563839122476548
0.966559661506736,1.166943727978564
0.7597713227796167,1.6339487086055642
0.7849980891112592,1.633644406703649
0.8814486543643086,1.4725638107451644
1.1440059687122932,0.4599502919570145
0.9380334623821054,1.280736998999606
0.6495397911108041,1.4444758930533783
0.4249214634657636,0.6391584003273072
0.882851218187073,1.4685274084628204
1.0718821933172298,0.7232590302830098
0.9621812945031155,1.1849115462370658
0.5744399978178416,1.1911703647198384
0.5785590121417238,1.2064395712290295
0.3593735221009172,0.44231419183315324
1.1532914690811953,0.43066177307893655
0.5741097290506192,1.1899418193286089
1.0532705078503046,0.7994558683536174
0.8026650817718787,1.6227737736353631
0.888361191515432,1.45227022314085
0.7330876425120048,1.6151529397893332
0.9776083703830505,1.1209895885258696
0.6741154008195744,1.5101120675044968
1.031141662862886,0.8926857687994495
0.5184365536697295,0.9780344648558223
1.0575581729701227,0.7816885570844097
0.5069394306373407,0.9341604391871018
1.2016321479854033,0.29730233811437257
0.730595542283772,1.6124260552719132
0.9945971993022339,1.0490637036483073
0.5815302648192615,1.217389600640146
1.2639763882686395,0.17184797646445152
1.0086151688935208,0.9890802945751465
0.7928768836050893,1.629881203442316
0.5845100921553316,1.2283127869683472
0.5569531129442844,1.1254063694839036
0.9452882565386755,1.252605944750593
0.7581469119628156,1.6333592101889587
0.8514472009652355,1.5482667938026697
0.7694197803234013,1.6359385753188653
0.6237901862786924,1.3650150820963578
0.4598518953489358,0.7596466605311014
0.7090006350786968,1.5821720938183867
0.877233472324884,1.4844398767567415
0.6961738962751656,1.5588312171724927
0.6792225755447016,1.5223057539994795
0.8293493121601573,1.5898993319310606
0.7667691357448091,1.6356505614761048
0.419414388253392,0.6210647238070122
0.2569626691509592,0.22137233126185485
0.8335019088854129,1.5830463135789272
0.9433210848645414,1.2602953524417508
0.4728102970058312,0.8065435128102
0.591598030892031,1.2540377412088468
1.123764779363762,0.5277223800052881
0.7874864327458426,1.632644890676636
0.5912168049853503,1.2526639371967967
0.5580861787498875,1.1297050231548489
0.8371903421650986,1.5765772100298157
1.0315582657413145,0.8909121896548663
0.46899986891508955,0.792646798666382
0.4750634090793472,0.8147998836179077
0.93345295662824,1.2981621694484131
0.8830753948497441,1.4678783810365243
0.8632966643829593,1.5208797806704661
0.8630805869377153,1.5214094377396685
0.6753033687186187,1.512995512218745
0.9498546189861534,1.2345903412199426
0.8439523212079764,1.5637970149394684
0.6430806731677652,1.425478915549837
0.5675876353546674,1.1655632274366767
0.8284284010156754,1.5913568968336098
0.34295442307189977,0.3997174173522937
0.7891133796390123,1.6318970128848675
0.8262871087524529,1.5946581728647644
0.6829944129381786,1.5309669270525657
0.9857255846036331,1.0867752589161819
0.859464847601681,1.5301077464844735
0.7095453346378547,1.5830772225523733
0.6362115912909886,1.4045612372725769
1.3858196706229071,0.04662512226595267
0.4992046464577605,0.9048316253560557
0.4339814296366528,0.6694887914650307
0.694217635712196,1.5549376966733972
0.6424889944727032,1.4237055102609488
0.770016473313144,1.6359762982726185
0.928346921352642,1.3172559820682785
0.6267501401073916,1.37462856512375
0.960940553541088,1.1899748106997163
1.0121414967737545,0.973959685076169
0.9851392505559929,1.0892571665024449
0.980406321432808,1.1092335098764812
0.6144886196428406,1.3340931328576788
0.5709236503114193,1.1780598178798012
1.0352427491022367,0.8752508593064124
0.8784838500719194,1.4809572288519197
0.627311433086158,1.3764385960348524
0.907851211402527,1.3899495241115485
0.9101449348179826,1.3821550517121646
1.055635709940746,0.7896405729954993
1.0839938693770004,0.6751525146623112
0.6597861659764162,1.4731780299674941
0.7090630969525202,1.5822762495994114
0.7399110687929689,1.6217834206211832
0.5716065053932674,1.1806109359484167
0.8324826329592964,1.5847707972473406
0.8088871173241293,1.6168620884134777
0.3223042332635398,0.3500912450861043
0.5511988562113865,1.1035160894218277
0.6351851402192252,1.4013750353316754
0.5735789366658319,1.1879660942919756
1.1359718206530927,0.48621680788781857
0.8286587003731284,1.5909945188007641
0.9299177618835962,1.311420280835055
0.7725000229232151,1.636026095571856
1.2412746208838261,0.21175663268156766
0.8906374566427102,1.445371624124507
0.8669671334861839,1.5117149939397327
0.9239834310147529,1.3332805122625266
0.6152095414704901,1.3365265926697756
0.6046358556635509,1.3002642744058672
0.505049128921066,0.926976328274761
0.806173328249252,1.6195731546489525
0.07808475563146666,0.04597883549950061
0.6203904635749244,1.353835183193851
0.9708928405767169,1.1490182610084037
0.2567706256752235,0.2210547484763569
0.42190664493544583,0.6292203576159463
0.6711724073242726,1.5028479548117433
1.147404863924474,0.4490951896334164
0.8839039666516123,1.4654703116440801
1.1668450052557349,0.39001260392722803
0.5982038282394003,1.2776501981334527
1.0313956452297601,0.8916044415894198
0.6999323873165636,1.5660674452819825
0.5511312786478808,1.1032584791487567
0.6078264005852195,1.3113314365446356
0.7173971017222527,1.5953215345890261
0.6187733126275702,1.3484670029935972
0.7696367286711538,1.6359534445325696
0.9639116280104194,1.1778289547070202
0.3235119938262856,0.3528727959838371
0.5291148941952692,1.0189582058946502
0.6679694000612572,1.4947495472164554
0.46228724616290895,0.768379783367793
0.5737072237324455,1.1884437487552322
0.5911470588204188,1.2524124707584716
1.1863066641635485,0.3360786757202497
0.3320191428740461,0.3728903081870336
0.9424449925935345,1.2637054581953835
0.9152157697928566,1.36460540895632
0.2914897236016619,0.28414202352108603
0.943153286220754,1.2609491880531187
0.7909124011004168,1.6309831930624512
1.0552520005360029,0.7912305605383315
0.8983144273132955,1.4213465179927067
0.3511290002468731,0.42057801421973307
0.6633689757321647,1.4827755059131726
1.0542699104199542,0.7953042646619257
0.7685892022938882,1.6358694697459568
0.2955906426414871,0.292367381344235
0.9057286590575814,1.39708015209841
0.8805430020605799,1.475147832267996
0.5704389075113876,1.1762473928272918
0.5733293289336053,1.1870364658236825
0.9386478284172697,1.2783794305404257
0.7902184258145742,1.6313465035298658
0.5772633958818342,1.2016475338947332
0.6656906269056869,1.4888681396296206
0.4967883992073434,0.895709504297756
0.27800790872694536,0.25826879032447747
0.9356904346459486,1.2896842957558814
0.8469435183686096,1.557769044623982
0.9415598598527836,1.267141560568994
0.8911414657934229,1.4438299850027296
0.8345533202325757,1.5812387087228366
0.8851974483076027,1.461682209188271
1.0101710758168443,0.9824089544712077
0.9280442555391565,1.3183763842924128
0.6069568872622723,1.3083256405850676
0.9435907550959022,1.259243882891
0.8296083911753216,1.5894851924997508
0.8241181846183521,1.597876299646148
0.6776275847586407,1.5185545687773796
0.8327340666441067,1.5843479577166724
0.49357677313087867,0.8836177709624344
0.7063257313266906,1.5776238959696218
0.7432370176900789,1.6245665173316293
0.8496194398548952,1.5521844928916992
1.1396803972389462,0.47398673529244467
0.7793769773615716,1.635259811534254
0.7637526736200705,1.6350840819640107
0.9371939863915957,1.283950735589441
0.594597946083246,1.2648069620599227
0.4156036481350204,0.6087007633516724
0.8853028192671476,1.4613720759192264
0.7495979326435335,1.629059247599177
0.5787567184588799,1.2071699155723459
0.7808498412551612,1.6349226296349255
0.9213654211905241,1.3427593347234485
1.1594328241507414,0.4119312568325984
1.066803055254621,0.7438018330300449
1.1985214612842285,0.3049106926502662
0.6677942433290743,1.4943009819023283
0.8820346879931356,1.4708823756691116
0.9762991818622224,1.1264754080077737
0.8175549995520905,1.6068373292043467
0.7318878947513197,1.6138603975446122
0.551122712090861,1.1032258220495401
0.6801507821351429,1.5244646468292644
0.8962687231092445,1.4278607516533195
0.6495413717467294,1.4444804588431162
0.5160054265937195,0.9687356283564207
1.1348477964327763,0.48995896452119886
0.6458819625811785,1.433800231572451
1.1132833642846482,0.564838444231502
0.055009164525835264,0.036253810029086495
0.6677471738872783,1.4941803400220386
0.8027780084021057,1.6226761028453773
1.2929767507826284,0.12958514722023623
0.6092616383501974,1.3162755808948914
0.7726737097535579,1.6360231045633262
1.2823096503569498,0.14405500136091784
1.0372942693132066,0.8665513654365842
0.7670907198823107,1.6356959749919957
1.0931392788325764,0.6397351701427004
1.104568876661676,0.5966861198810727
0.606208695207857,1.3057330020955753
0.9419733990298154,1.2655373510884718
0.5810033873784246,1.2154520238363153
0.9811859599060099,1.1059503539122932
0.88626609921655,1.4585261806791845
1.116414710170651,0.5536110491088918
0.9351745141080446,1.291644958185579
0.6720719818042502,1.5050864937862944
0.6990153153049902,1.5643316729682863
0.8222974211501869,1.6004796785822988
0.5153448933746936,0.9662108328800363
0.8073558835401257,1.6184169672618702
0.2711034397136008,0.24570137136436498
0.5572079208457738,1.126373432326458
0.8918830096714612,1.4415525325767804
0.49602302106653756,0.8928243323504291
0.8351235615898418,1.5802461573401185
0.6190834999478559,1.3494991411916626
0.2294880294372348,0.17930500737303595
1.0835679153196254,0.67682189931255
0.7184905004992223,1.596905989623954
0.5690903619165285,1.1711990856834906
0.7955325448977941,1.6282188338025365
0.4871344485812856,0.859488290163398
0.9487863196610509,1.238825326134388
0.9213060990273034,1.342972908663253
0.6386078295731484,1.4119390994432395
0.5912587403719722,1.252815114519802
0.9095442896001679,1.3842049625323356
0.17256451685762042,0.1118870907938838
0.60238225778248,1.292385798032606
0.6674131956362576,1.4933231179289375
0.5126968148834774,0.956097043602515
0.8920183639432705,1.4411356431557467
0.5685890945907792,1.1693203157118879
0.7919669782553121,1.6304051307017366
0.7596460392720153,1.6339058426258248
0.986837050751164,1.0820665224601662
0.8871648382047472,1.4558536129866402
0.6170552861417319,1.3427294504301446
0.5100968809708585,0.9461811970890267
0.4663445281385693,0.7830138910325048
0.8256944091845259,1.5955501799898093
1.076652949171434,0.7041559948289566
1.0352960959640638,0.8750244440809551
0.9647135466652925,1.1745383250688528
0.649314250859269,1.4438239783319091
0.47889138366840794,0.8288910682956419
0.36718638336438253,0.46355518760581804
1.0023750579192259,1.0158194121836228
0.4196815765608488,0.6219364541582113
0.8805852957027982,1.47502755129521
0.7164778034405885,1.5939663472739916
0.770882959023789,1.6360133166784219
0.6438245373580036,1.4277006856912078
0.8540417662124221,1.5425629182538987
0.5104699976201594,0.9476032935519598
1.0151877170949808,0.9608986806098108
1.0046789038961683,1.0059518411545318
1.0111574355564747,0.9781794093855255
0.1813511025091879,0.12071106410960342
0.9802777316784163,1.1097747179792652
0.7853635080260981,1.6335085604206523
0.7871554765183173,1.6327878930196127
0.7687477407411564,1.6358841514949085
0.6634699655727664,1.4830426188220684
1.0414478731876102,0.8489893693348697
0.4095523740165671,0.5893362124953941
0.9279341687968161,1.3187835775793644
0.8368401131137759,1.5772068110487014
0.8607872835266466,1.5269625881415607
1.3169607729294879,0.10125686283314676
0.8315818532701933,1.5862718975317083
0.7454673543415825,1.6262664070171795
1.0034135972443012,1.0113720960799348
0.1710877428809915,0.1104562442774485
1.1663099085147546,0.3915696180504612
1.0283087962407822,0.9047592926154472
0.6885481479289345,1.543171619287613
0.4694811622222379,0.7943973721604585
0.39700268649025067,0.5502585828254012
1.0720084771891552,0.7227509073432334
0.7049117561676903,1.575150794345663
0.8343095168975991,1.5816604556074971
1.089415279110686,0.6540572295437224
1.2625805256747742,0.17412215595964595
0.7848719938122509,1.6336904096107259
0.8363254814720656,1.5781261328140952
0.6042133813421697,1.298791121943463
0.9120447408034311,1.3756306568103083
0.8241073530998109,1.5978920522052609
0.6807898923093845,1.5259407568384729
0.6761811287928745,1.5151077945771867
1.0100029732544176,0.9831297695756172
0.8660195789365887,1.514111108108227
0.8771083437454883,1.4847865104609062
0.9485501058762725,1.2397600923824557
0.6031169900338045,1.2949598384436962
0.8714747763321138,1.5000327783355938
1.1002390191637808,0.6128286468116231
0.4125780804231095,0.5989770786935802
0.4174103727970639,0.6145465602021163
1.1959034720985453,0.31141722889095524
0.33561136824313836,0.38156684094955967
0.42161896888865663,0.6282761898727988
0.7390775240214005,1.6210395964522557
1.0247522492708359,0.9199462098079502
0.8583946189595223,1.5326222959147218
0.7012525923330948,1.5685321066535662
0.8054256746781118,1.620284040915597
0.6089037648080503,1.3150448024779626
0.9954071492225578,1.0456082055059526
0.7623858526845079,1.6347439429964223
0.9339844491254312,1.2961543035835787
0.3046501527293994,0.31113404514394305
-0.002615731695183643,0.019341817827975043
0.3698548921437935,0.4709526326568953
0.6873222302913362,1.5405346311002925
0.8481832816864897,1.5552041228784037
0.3488979765381266,0.414816310610106
0.504637140212634,0.9254118882007051
0.39912675861060615,0.5567679489463067
0.5347374899473705,1.0405263605593111
1.1076364482211654,0.5853761716330107
0.7887443639462267,1.6320731841925533
0.7592440472290292,1.6337653652641422
0.8118053868428836,1.6137186181740997
0.429292016228237,0.6537038842757936
0.5620713381145666,1.1447884504579335
0.9124593104243175,1.3741987885310323
0.42319546945113096,0.6334591983118565
0.7844009672223999,1.6338582879499695
0.6549842241825116,1.4599531810351805
1.003053868008807,1.012912723796554
0.6882166668213692,1.5424618121403717
0.9583890062415268,1.2003454653094814
1.0148075379336983,0.9625285272432059
0.9219905516019224,1.3405054351627939
0.9749464393446171,1.1321331397857137
0.6373430344288061,1.4080554724522425
1.151249746944561,0.4370023190785365
0.8094905982398776,1.6162313983549328
0.5087835109763281,0.9411780413916362
0.7334197128569868,1.6155040374530036
0.7967984099631757,1.62735664744363
0.9272104421971041,1.3214562098759868
1.182114619979978,0.3472519291215837
0.8367426529398039,1.5773814429993112
0.7006049926885406,1.5673281638086853
0.5509332436028269,1.1025034917287215
0.6560579565235394,1.4629455789853987
0.5032543548228873,0.9201646776704853
0.921131658784522,1.343600621505061
0.4933815947766175,0.8828842085346381
0.8640349119505493,1.5190618443886947
0.749860763229843,1.6292212688123657
0.9422487087636349,1.2644682372922582
0.7386560473062771,1.6206564445828715
0.5174441511870678,0.9742374942054548
1.14369002055563,0.4609671579149376
1.0441511067061067,0.8376005146763295
0.5609102239824737,1.1403997567665856
0.7571107434643525,1.6329450765582982
0.6658116604475002,1.4891829949130344
0.9344187207781816,1.2945109381856221
0.46653512792353047,0.7837039022750569
0.2641542518933357,0.2335111094966939
0.7216686080453693,1.6013414225405924
