-0.3275620195715468,0.05305260234663884
0.48352933818251664,0.5781965299136563
1.609328076549647,0.14497116900297366
3.589073547262735,0.030924930250835023
1.0856012241333088,0.3151068142161594
0.8150965151904942,0.4108659345477172
2.7817725292685607,0.07551245803278855
1.8542145273578023,0.12663289779094067
4.579913515012733,0.020827702987402563
2.03058759189768,0.10885844707788535
0.584471903430808,0.5081962781150817
-0.14297067006514894,0.24058416634578444
2.8642589257739792,0.06958556053941155
1.7117590683690334,0.13657561130816162
-0.11438096283342108,0.28555776241574204
1.7900455792037795,0.1314319569751209
0.9231218587533616,0.37563976519947595
2.07500584654018,0.10413829233243607
0.18918318552712296,0.7091515271352348
0.07543028348807569,0.6035198452571701
1.0209812029100482,0.34065581039876625
1.145108244289815,0.2900223391348942
0.8593241510679193,0.3966074705854321
0.09659864562053477,0.6311219196982639
1.0814349206151752,0.3168121048597539
0.7325436836056318,0.4389654989007397
0.30162408405312663,0.706446081134032
0.24850277200187343,0.7198526597129021
0.8266955795437577,0.40711633176850864
0.5767076137814378,0.512899824431272
1.6893114616960534,0.13811593072102643
0.2793840578893608,0.7143682048428689
0.5703928872094568,0.5168149850353353
0.46340621647677205,0.5939636735785628
0.3200072030532491,0.697747015561101
1.4364881436843207,0.17644702012361457
0.6174877308974223,0.48954126014663274
0.57645314883276,0.5130560378399749
0.12516430357829086,0.6629963278687391
0.569928377556471,0.5171061575158664
7.629305268667822,0.005891809857688352
1.283652911700001,0.23016050756934095
0.6190570527757749,0.48870763028679726
0.556880593347338,0.5254616784540064
0.3069007586417585,0.7041347032992861
0.507318571159128,0.5601416785282695
0.6509755274991991,0.47273523704619014
0.4178853128042498,0.6302211840536801
6.596646638736594,0.015046699770142087
2.020326226459498,0.10998018190194252
0.2495352871815118,0.7197827708187139
1.016753371579624,0.34225784842784723
0.09063942399966446,0.6236751328961714
0.3764031897928354,0.6619188884952477
0.8510658077763696,0.3992691462756556
3.6272392850567,0.029745677315727376
4.96674285864578,0.018773526854862187
0.664955083945157,0.4662928685852877
0.480438712794413,0.5805935012295883
0.43088802503313417,0.6198881716407961
0.7532056176619464,0.4315681507672599
1.6185637776223696,0.14401967725235568
4.728495749510479,0.020812688394038558
1.0658115294957446,0.32313828912233433
0.22786947492769388,0.7194809837686035
0.2739661153678084,0.7158186468765338
0.3872992582937925,0.6538730684936143
1.1555182366792973,0.28552177032859727
0.28815097703844406,0.7116120081942889
0.5417666543984779,0.535559892662343
-0.07536395395184815,0.351597946829617
0.8341054216448519,0.40472845414357267
1.737835163708216,0.13486789918274075
0.5178594123073518,0.5524040690328765
3.986023008679518,0.03074651492317602
0.9819476301377119,0.35512129244851126
1.2202246731054673,0.25726427305358857
0.6094292127671244,0.4938965358923772
1.214895890579991,0.25959019217279744
3.081230581345448,0.0519602958461476
0.9192753434377268,0.37693482699479064
-0.01142361011354559,0.46456479160209296
0.6128143018486267,0.4920517585780476
6.090145050585708,0.009522560432360367
0.06465614060708709,0.588306190009715
0.9548840431385724,0.3647383999340338
1.84818057927294,0.12712471041550114
1.1953350305411867,0.2681482854548355
1.4922927461837336,0.16296105935696126
0.7577774017577369,0.4299742275442388
0.5965769206281455,0.5011054427142567
3.3621943665700402,0.03830087704979361
0.36614218927329123,0.6692362099813384
1.073122552609255,0.32019160527991186
0.7888131342661465,0.41946808510667033
1.4115247993166884,0.1836228543239763
0.4257389373814695,0.6239905063480384
2.0850223845930684,0.10312317896951845
1.472309768099979,0.16738690839965897
1.698727827811011,0.1374582669892281
1.4258378520650572,0.17942242767809127
0.26532325106314425,0.7177147121224035
0.27726785285191335,0.7149582243943482
0.39487829115478834,0.6481373468537139
0.13218825604345508,0.66981229618655
1.051602455529698,0.32879439357616425
1.5026142657225918,0.1608464847343365
2.2603142946762254,0.09097996380123752
1.3186627539638602,0.21604068961418404
1.5035754087464113,0.16065539998609205
0.3131468483431663,0.7012019342029123
2.362266612267947,0.08881783044472921
2.5553312655001204,0.08608334826609447
0.8961318875086942,0.3846294515096591
1.0589522005310776,0.3258805428589322
3.031038712194233,0.05592230086027353
1.0021474116047475,0.34772604040166155
1.3865203003655215,0.1915036308272713
0.332893001581546,0.6906451896517518
2.6097371103929223,0.08438823307891484
4.7406097100371545,0.020835160571882415
0.6469067395426094,0.47467094334853477
3.632156590352191,0.029609044658289403
-0.3388285664160257,0.047250091307159264
6.233795487239337,0.013894869560626029
0.8271567764331238,0.40696757969824465
2.7233192166353373,0.07910124303630588
1.1189584074100096,0.30119822702413873
-0.05829721131994728,0.3815761801589015
3.2241261671305828,0.04311575954358669
1.8007016742672808,0.13069369218509663
0.0015694225852145253,0.48714960634621673
2.053766327839493,0.10635890482534194
2.17110221284819,0.09566941154795731
1.1567323025509513,0.284995339148831
0.546838452555942,0.5321219110293655
0.5928751130421914,0.5032426534365171
0.46526138336682443,0.5924962041993889
1.260942657703027,0.2396961125869167
1.7439898250821395,0.1344698076994007
0.7674097974150696,0.4266592640716848
-0.06138931874533368,0.3761149470532932
0.5154668774378492,0.5541446360345371
0.4219026994987402,0.6270387678763225
0.31841610936915843,0.6985693830830235
0.28897548906089043,0.7113275589837621
0.2757557603347174,0.7153614311784899
1.259647223481016,0.24024703669727002
1.2238986911310106,0.25566295036430564
2.124607221597599,0.09937886526191422
0.3600540478885171,0.6734393315652148
0.29083543027692305,0.7106703513850126
2.238483039020841,0.09183675530382099
0.28640727351303846,0.7121994927154504
2.531850548600945,0.08664936765580486
2.1213904727784594,0.09966491575418879
3.0484827812299553,0.05451386439734213
2.003637633263218,0.11181200135944047
2.006198633979768,0.11153077267949658
-0.18689197734125612,0.1790782815635257
0.12804324817844964,0.6658404294989574
3.0045241529646542,0.05810615772201913
0.3510670792304765,0.6794301810851516
-0.2820304973249238,0.08237161440431502
1.7988070589647225,0.13082635465020037
0.430695665172252,0.6200416039259073
1.3531862755046968,0.20302378860559872
1.8585687568968832,0.12627218502334642
5.315615273090063,0.010614504932120114
0.9369552068388982,0.37093924235945486
3.9372473240390877,0.03007585389645103
0.3876895682494265,0.6535802590567498
1.2309444820666766,0.2525985937670117
0.15571319446785878,0.6895418392894379
0.12382307492369032,0.661647604927314
0.20802190695806844,0.7158015088905912
0.24327377717525533,0.720079527714605
0.04736335938139904,0.5624312683615683
2.27442619609624,0.09051595334797109
-0.04867035989833518,0.39863358476747296
0.6353673332266795,0.48031672095240974
-0.16913100903773282,0.20274156301718493
-0.03130323669294503,0.42948010825128835
0.4717953836012262,0.5873476213143859
0.1976928551166417,0.712542729187941
0.38270943291335124,0.6572934824023375
0.8713466085383721,0.39272049030937006
-0.02373745796017382,0.44288413948240474
7.076539431295571,0.0059049174784859635
0.5974389832529292,0.500611667907293
2.6951699352726823,0.08062606535143843
0.49662490110014457,0.5681641321486628
0.40027183943494615,0.6439973509448658
0.8193670415865693,0.4094832354211284
1.7719215165872537,0.1326497251648729
0.752720001607907,0.43173829113041867
0.13560305776744924,0.6729744497521399
1.5155988570659376,0.15834734779478865
0.9779262600459645,0.3565709106251324
1.5841320846527032,0.14785576366436
0.7845738912696275,0.42087610354973803
9.134215249590154,0.004888728985867403
0.4368835586829878,0.6151013317485856
1.5245804031729073,0.1567207643220637
1.9312634445468055,0.11953461381112408
0.9525236373316229,0.3655621870771425
1.191242372337357,0.2699401155542239
4.518702394834711,0.02142592371306139
0.6347437765762446,0.48062852625180974
-0.23894322371044757,0.11988773785840037
0.11964420317159544,0.6573494770772598
0.5642103455121297,0.5207259664011156
0.27113380663029935,0.7164974178543458
0.25581758035621355,0.7191821928270525
1.2980607516595826,0.22425309406193453
3.616983504552966,0.030043114694828375
0.6528385991349989,0.47185820361752473
0.5125805722172889,0.5562568666413729
0.2721333405940066,0.7162641909940979
8.581300497713315,0.004863436711870523
6.488490036746651,0.016774544200529797
-0.10189730478859535,0.3061947400584835
1.260112933002119,0.24004890194659412
0.6936306088750472,0.45400250248422735
0.2350132246241854,0.7199974582375415
1.4774580249079523,0.1662042181006511
0.17082966624284862,0.6996394024006772
1.624941698320572,0.1433923924069369
1.6830459500247252,0.1385649820358412
1.106118189680692,0.30660324829994123
0.3737836394753964,0.6638127971998291
0.38576115853929277,0.6550240426774427
1.7931516007576325,0.1312186940975866
0.9524484299246636,0.36558839667885945
0.16655253943153644,0.6969894352656543
1.1145218869836884,0.3030725198855914
0.42520683811741933,0.6244137811656421
0.9539581010876679,0.36506183176560353
1.878960221091673,0.12451711502341728
0.12291050938677894,0.6607213611841115
3.9649483871929765,0.030483577670044018
2.395119531156732,0.08848696567310028
3.445129582061705,0.0358717436966481
0.6518322299015346,0.47233122708038344
0.1626004140842384,0.6943953715918474
2.8183852964370097,0.07299517830594401
10.021024520925266,0.0019874485322757913
1.0729091573996756,0.32027795760414546
0.7800197303669532,0.42239697144181165
0.09821166032403908,0.6330921322248708
2.882767775108303,0.06814097017887502
0.10402530165122298,0.6400289981189154
1.1484364206170377,0.28858619602712055
0.8430406053038279,0.4018524258131914
0.4543264258153179,0.6011746970181704
-0.0885428168533412,0.3288192842480163
0.33669085813695787,0.6884106801081714
0.2762404492479138,0.7152338649178422
2.7021030567029887,0.08026323522672928
1.5935837131249306,0.14672110734547053
3.8973132025672284,0.029415848368878995
2.3843661864365995,0.0885881656179411
0.6586424717705722,0.4691628295878467
3.941595136052457,0.030143611085354374
1.1798858900692706,0.2749086325177279
0.2794165153190781,0.7143589233949295
0.0270256571285748,0.5300257080281457
0.5320763320007534,0.5422632923225712
2.2290915677732954,0.09226072535238172
0.49997181170171495,0.5656356776328666
0.02416706854882048,0.5253246400764097
0.7517550313917559,0.43207686621576064
1.7955723126460685,0.13105141554077257
0.19739040993053644,0.7124331896137737
0.6903991052365024,0.4553304826446557
-0.22751859912860972,0.1315613463823883
0.5821561114017583,0.5095864273922494
0.4495573653108773,0.6049767101376595
0.915081492038419,0.3783412400196867
0.5955703741469642,0.5016838522954266
0.5793443069411685,0.5112888838922443
0.8037954398048509,0.4145419056902412
0.7101310894876209,0.4474233619883292
0.9956630680429912,0.35012091325107136
1.1475012893962813,0.28898998709683965
1.7707714612902075,0.13272570214755017
0.37032084051865505,0.6662897936753422
0.4270652037511102,0.6229348999176654
0.3970466390902622,0.6464783245829647
-0.027782054019183662,0.4357239888541926
0.2500851253756857,0.7197422071590677
0.16045702346343907,0.6929301756033758
0.20191716739865617,0.7139884733142977
4.031566853605213,0.03112790898536288
-0.3477676925922401,0.04301599525291315
-0.0034571489320015802,0.47845608779743026
2.9507445047032106,0.06259780272064089
0.08986415819459734,0.6226871914718421
0.04429774967569478,0.5576734635830518
-0.06021685098122875,0.3781844959174654
-0.046301783166207436,0.4028389915993488
2.4935285482519753,0.08737650640666013
0.2427526814642518,0.7200904046198375
9.117721252331878,0.004823806191080053
-0.2092795017859713,0.1517365460793381
6.225399127906227,0.013636247687792575
-0.29532764295631014,0.07277659824334472
0.552191511597756,0.5285470700615381
0.07995852888896066,0.609687854408686
-0.052542701085166496,0.3917642615164645
-0.14313657058711865,0.24033363099220223
0.9670566535953946,0.36045267622358007
-0.02823887012234727,0.4349144264446322
0.6413447451849724,0.4773630067119067
-0.20476564588176893,0.15702183122139382
1.3825793849105332,0.19280689490050298
-0.09167834725967365,0.32346169873273356
2.671606664601334,0.08179580666687376
-0.08591700907970205,0.3333255348505415
0.8699796304681024,0.3931634010312876
8.297982618776196,0.0044342344673304526
2.9393804767637115,0.06354284029343661
0.4944444634508195,0.5698195526569486
0.19243553799090587,0.7105234552313869
0.5751698925431619,0.5138458079144759
0.7471824717349949,0.43369029538163506
0.874751908573155,0.39161588715434137
0.6225979525395182,0.48684387030799925
0.5079920678627399,0.5596420532305477
0.290247011753772,0.7108805868543098
3.926664706783879,0.029906424750875293
0.8967787540642709,0.3844164447787952
0.8701052764192861,0.3931227023870882
1.08422466615546,0.3156710783596692
0.2688298860188102,0.717008527040498
0.593901208776759,0.5026474978719286
-0.03206959472181675,0.4281201770303478
1.2144097101445912,0.25980257222003483
0.26567895421316634,0.7176470620241144
0.5048597421005445,0.561971564332808
4.155666855668235,0.030527922422235884
-0.055462007452499046,0.38659223670918613
0.1608735832587378,0.6932181388345254
2.319111170640061,0.08944126774618145
0.21017558548462975,0.716363725577231
0.38863490843343484,0.6528698562039275
1.4215104987969487,0.18066808590420377
2.02194347792335,0.10980301703242208
4.506468094964481,0.021606975589897697
2.857421635447357,0.07010993382908592
0.6055456924484294,0.49604047569181
4.808248031561637,0.020813650867530713
2.8560623684170245,0.07021354909007808
-0.03207356407281711,0.42811313246879285
2.684284078975963,0.08117871584809533
1.078512093465284,0.31800391185838894
0.2501229617425176,0.7197393304959676
0.06082218494154492,0.5827181058039168
1.265795860985919,0.23763827570960838
0.8610177345437113,0.39606093529979236
0.5671444180956042,0.5188603469174556
4.535096975578529,0.021216213454938376
0.8376118895716729,0.4035995733501367
-0.08266005018273204,0.3389383824226855
0.9348768364842215,0.37164993389306833
0.9935946679015519,0.35088064758217946
1.9541652299700476,0.11716519976398676
0.7371825338136284,0.4372746277429637
1.3056848237353258,0.221179597906469
1.2637541895641977,0.23850277089281507
4.475352747059712,0.02216153994498166
9.42313454807895,0.005129644820218691
0.1468275937814323,0.682658570533616
1.6497347001245244,0.14115875653985235
-0.3337557610472616,0.04979682553386201
0.2955531670164456,0.7089083154830527
1.2493269114685261,0.24465860969081174
0.06261979612392321,0.5853491828603596
1.703813359780634,0.1371104629465275
1.0471501212725804,0.33054708926916254
0.6186923615037345,0.4889009370216104
0.7925479800228854,0.4182332193001387
0.9632507697926405,0.3617994916230101
0.2137574952778022,0.7172100249900051
0.9552656896107115,0.3646049866152184
0.32327452713510935,0.6960195512148468
0.38142049760262614,0.6582461113906415
1.6334926523277091,0.14258697413668825
1.2278580646517152,0.2539397810526124
0.2574093521453935,0.7189828007933129
1.0668927119162832,0.3227040615382146
2.840558817292704,0.07137987290446365
2.4812185367343265,0.08756385436505597
1.4965116937716954,0.16208282054112774
0.6986499499890967,0.45196626420406466
2.4144926959067137,0.08830997539139282
0.7948730945794047,0.4174669215817181
0.6232041671189201,0.4865271613730628
0.6837342247721344,0.4581131566641146
1.850371972079685,0.12694716968066483
8.890083468758457,0.004526079138965115
0.9877095909768138,0.35303127284390867
1.04568329050689,0.33112244533448737
1.0069263904005632,0.34594817486183665
1.6221230916383187,0.1436667163067329
0.6828449055267917,0.45848903446278816
3.508348522087133,0.033757179660269476
-0.1472492416804258,0.23416429851831988
4.14149067979064,0.030724374290485343
0.1150948403889013,0.6525069304167433
0.019097158174721518,0.5169092385617543
0.13338202649925093,0.670929091220631
2.586125932503799,0.08519098363884593
3.8314162833454564,0.028386202168025322
0.25289298972099195,0.7194990180287776
0.6511323210596602,0.4726612031909938
0.7404338034717839,0.43610044674816345
0.2717938004654652,0.7163441932651501
2.9510402479782654,0.06257315206341467
0.6012321279877836,0.4984565924732749
6.888917112819019,0.009845402651013491
0.37466305414276957,0.6631788723467659
0.07764771580397563,0.6065574791211982
1.0763092873438125,0.31889962981241726
1.8245599362736304,0.12896333339923624
2.500259627832255,0.08726515593520572
0.31229865623100045,0.7016123523136789
1.4058742521174699,0.18534407366084413
0.5789907691990763,0.5115040696657522
2.4694571368859486,0.08772476145112212
2.118919224076612,0.09988704399025532
0.6203230858900366,0.48803852429120714
2.0468324067617845,0.10710002037804162
-0.07783475681872934,0.34729832238961755
0.11424494837445257,0.6515835892538143
0.2963605876687021,0.7085933176581584
0.09924492872721913,0.6343438948568523
0.39588938244332744,0.6473646834304575
0.1923352997006853,0.710482575832403
1.1492652844334295,0.28822811782583824
0.17536090684835365,0.7022680915506674
0.5216851416929529,0.5496407381024832
1.781373614531492,0.13201985598377686
2.7251072711028796,0.0789997958902063
0.8642464824173335,0.39501815681781166
0.3472395390065496,0.6818974966262403
0.38542283150144785,0.6552765844601356
-0.16291295562167615,0.21142339433069243
0.5369829585144821,0.538847260974556
0.29120993593889277,0.7105354326117531
0.8389983637998604,0.4031533180141747
0.7312326090539404,0.439446825439887
0.32315938984193326,0.6960812979620653
6.699165766636336,0.013056651305204022
5.529789138987833,0.010037446670717593
1.3509155300814628,0.20384793334042678
0.6431195329247771,0.4764981530539157
0.02522465894351833,0.5270676886839696
0.40857052737805055,0.6375487947245166
0.5483722788665536,0.5310919173291793
1.23723650913632,0.2498708444818971
0.22001013055047328,0.7184238789822808
0.9646010721621756,0.36132237204071976
0.16201110753855674,0.6939966141250888
0.10118940732450468,0.6366775377074413
0.04666215068215489,0.5613472701807078
1.7302213485256295,0.1353616661623971
0.13005534250738926,0.6677866816553913
2.0196704777743535,0.11005204792833241
0.9445001542407072,0.3683453569442743
0.008978768412139349,0.49984427030386214
6.1779539581723455,0.012124974521480546
0.4764124601633063,0.5837309112186401
2.915938072106821,0.0654736414231603
2.7499851753245546,0.0775328265273514
0.09730390958355355,0.6319857713031314
-0.1322395492652642,0.25705676611111367
0.4061643734104406,0.6394272917958982
-0.006998943546728115,0.47229595189954654
5.390911777788678,0.010298891735620257
2.486873830482143,0.08748031494149613
2.173400271409394,0.0955080199234505
0.4098689981556166,0.6365323866858638
0.7706889041230867,0.42554303824233686
1.3406420208211143,0.20763525014555592
0.8706902667227983,0.39293318452035697
0.38239037318074715,0.6575296272039957
1.0089872601391146,0.3451781134881362
0.6238760818925848,0.48617693495508835
0.1779957170673244,0.7037120461912095
-0.19591829155675536,0.1677156733789353
-0.18279496685447222,0.1843847374967861
0.8740472512854541,0.3918446158614117
1.6920544348718733,0.13792235242208306
0.3084299125527459,0.7034360710185829
2.3309936330573193,0.08923791483803716
0.3237426600929736,0.6957678482444879
0.277926551767146,0.7147777752809168
0.3353803701042285,0.6891886171260447
0.2255943850272641,0.7192281236605053
1.255660087993719,0.24194679493181007
0.14054063036235742,0.6773692787953951
0.6477808335767969,0.47425272466041424
0.06624018225850835,0.5905888893402367
-0.08870509900666396,0.32854136144520213
0.3582919327063936,0.6746347896461139
0.5004277983025185,0.565292405980852
0.6043388440858644,0.4967127577265946
-0.078613001238688,0.3459466067263403
-0.08248437049169133,0.3392418467423267
0.9585371404284032,0.3634588656737623
0.41457082576583837,0.6328376531497903
4.98150008766333,0.018416357156205022
0.3983469208336072,0.6454799503625914
0.6206812589214394,0.4878497795701877
2.547510241346633,0.08628263076723605
0.6930247109592822,0.4542504641417652
1.1295612253173102,0.29669185036405743
0.12099791707927067,0.6587576563192609
0.5068687096860561,0.5604757880459734
0.8697992727187694,0.3932218176438172
0.25379884769785793,0.71940777757812
-0.17679855552131807,0.19231680394141715
1.2627763163458088,0.2389174535872209
0.10238581143398919,0.6380990084709482
1.4287792121744556,0.1785878232671407
0.5500086754345271,0.5299980699637873
2.465730541437195,0.08777238124199484
0.6246797512470399,0.4857591447930363
0.8916860114292016,0.38609059723669015
1.7988373508836617,0.13082423855609462
1.5083034830337367,0.15972968455526113
2.266240489198106,0.09077691151858905
0.4540959493199241,0.6013582534026373
0.08789877831230364,0.6201632056556292
0.2257453885595116,0.7192462414120202
0.9681702378120811,0.3600574067543357
1.5364089411036628,0.1547016527956443
0.7021806493047797,0.4505526230235259
1.1590624961582614,0.2839841199946969
0.027700170303294303,0.5311301646956952
0.07238487703685989,0.5992950051681228
-0.02841610809486042,0.4346002863180481
0.17919100647472186,0.7043466017702467
0.4829463723331292,0.5786478671367309
-0.025568281247154878,0.4396448373105033
0.22387217829640474,0.7190080145134543
-0.10407912313053025,0.3025497223226929
0.8413339375486062,0.40240165934343386
0.24159289256190952,0.7201069137574916
-0.12718815461517236,0.26498631224450414
0.13415815906147707,0.6716486421309366
0.6062668463689224,0.49564011989100104
2.1602912531847136,0.09645731791167722
0.35222116118742497,0.6786760324996381
-0.23366719128350658,0.12518684416712902
1.6131660607408302,0.14456936608933577
1.0614761570762308,0.32487404871753517
0.46009100662497393,0.5965914558266422
1.0108814143864735,0.34446854437958846
0.8336009042523834,0.4048909235277906
0.363337758400306,0.6711860131493986
0.9631579451118223,0.36183226154260545
0.521993785697535,0.5494188871489422
0.09103798918965149,0.6241813357109479
1.1222951753892,0.29978405046510603
1.4879878383566636,0.16387720028960626
0.5045577465641141,0.5621969368455926
2.3643443830307933,0.0887944639330542
1.6965313933902315,0.13760999363217863
1.3834808499155835,0.19250734436110456
1.5277930995613551,0.1561587094426057
0.7036152970991043,0.4499825013528458
0.24500323114006844,0.7200281214157073
0.20480477558380902,0.7148866108051093
0.22920153223147616,0.7196091020267112
0.1013800406456841,0.6369047689043899
0.8476835736873161,0.4003580966377612
0.33868456807320585,0.6872135134610694
1.7329741015943319,0.13518288184857752
-0.25236120006708423,0.10711580334180293
-0.026083547152112002,0.438732610730843
0.2974064609454121,0.7081795453458879
0.2417216030451712,0.7201056067436029
0.6516091085389564,0.47243632985484685
0.5976792026920636,0.5004743382777286
0.28416811127781894,0.7129255805324297
2.414557693108545,0.08830937882368169
2.447051651146587,0.0879899706434032
0.2454380034583803,0.7200115102203849
0.5915771154903262,0.5039985412829976
1.2973028095117434,0.2245607168188408
-0.09047458156761577,0.325515437948449
1.0378836706923853,0.33416444638861376
0.26417961211395297,0.7179260752863247
0.14306695180582207,0.6795361681201592
3.870216161067678,0.028963374132427833
1.1361056913100183,0.2938926819383384
2.480751248051486,0.08757057151965505
0.1570387444146668,0.6905087785238425
0.9218640105220666,0.3760638137690269
4.9407176346836135,0.019338939792281597
1.0928666490396237,0.3121152842582355
0.9860496386351236,0.35363495803348083
0.48155952979948774,0.5797230575025099
0.32282225369403794,0.6962617366242643
1.5755350340061318,0.1489468163240007
0.7657821014877391,0.4272155586586904
2.7696744334887207,0.07630018332307818
3.3762410504517337,0.03790303692782085
0.8328670388420465,0.40512727383117964
0.15631002646994085,0.689979137579074
0.2819688508316643,0.7136073210843779
2.974078895514749,0.06064772018505668
0.16229575362928828,0.6941896084486195
0.205415952119292,0.7150673581317827
0.5448009909297505,0.5334971158353939
0.293017233310067,0.7098722548657124
0.25649940016170064,0.7190990988987055
0.7659504410076636,0.427157955605882
0.16055640776719782,0.6929990193974365
0.93515960737385,0.37155333681357644
0.7592315301185911,0.4294701393858544
1.4305669897325006,0.1780853367159582
1.169137765516398,0.2796006607900941
3.0542394635074785,0.054055578572882824
0.05729351863143484,0.5774979668778517
2.1344755036407053,0.0985237798540348
0.46990119953005305,0.5888367504524658
2.5929026376991047,0.08497117938512544
0.6092172792665438,0.49401277512548103
1.6716271851617637,0.13941132224236744
2.0681211169261258,0.10484880854396421
0.6402382424610642,0.47790500149721465
0.47114306344997514,0.5878601134874237
1.484821413433731,0.1645640494754193
2.111059007470113,0.1006068676579179
0.4547499301764461,0.6008374648626805
0.29641286210521794,0.708572790343041
0.4022318218851737,0.6424823363356806
2.418627158175282,0.08827184926163321
0.9300550958976429,0.3732925272936083
0.9377268120202665,0.3706749789885918
0.3531081106588176,0.6780933115301678
0.17455759622100225,0.7018154838711478
0.07492888663654951,0.6028284557543927
1.1218438657964236,0.29997554349547917
0.333972643995826,0.6900162112344259
0.18793448901095705,0.7085997909348567
0.6383262118206781,0.4788466622682943
-0.146946369460411,0.23461589290342885
-0.05642092327605922,0.3848948844684762
0.7126500369812082,0.4464468891069757
1.3378058150741277,0.2086972887091367
1.0919861702836244,0.3124790021141662
1.6675283333297757,0.1397250639458952
0.05342522038806156,0.5716932821342973
0.8312683897996459,0.40564224832843576
0.5389207917513097,0.5375104023162373
3.3605320289379934,0.038348082196919764
1.2803497636632664,0.23153159443713045
0.6670842656593852,0.4653389754444268
1.2130112328855034,0.2604136143589863
3.129676858319061,0.048485237793828184
0.5093760146646086,0.5586175774398645
3.400379936234873,0.037214545964233216
0.6994286859799703,0.45165316367229663
4.647973403972163,0.020666664435021197
2.856648507965389,0.07016889445443163
2.160116230733093,0.09647045893258725
6.455008782609296,0.017049191372730723
0.6657191296516407,0.4659497609513241
2.3190740603694513,0.08944194887362282
5.032647542842861,0.0170137396691576
0.13493692616904399,0.6723654480028245
1.8144662129166398,0.12970965742100654
2.5273544551409777,0.08674689287037775
-0.18338544832311543,0.18361425387145772
0.7139642927203693,0.4459401769981375
0.05664088387165027,0.5765245845361212
0.030225370320246914,0.5352481826510193
9.554491244618985,0.0048404462519145266
2.230188562506605,0.09220942405330801
0.3025956364716395,0.7060322587509793
2.218277447958312,0.09279207581881113
0.10584957489647634,0.6421519903747646
0.39182328546998857,0.6504616224792975
1.3462539702053158,0.20555464569189452
1.0785168646263517,0.318001969445262
3.1924121561987757,0.0446937593546108
1.168585469526024,0.27984136941940685
-0.4110277287196355,0.021044590384910456
0.5548399691021855,0.5267990805159337
1.2001987736397215,0.2660188064614625
2.5980251252066537,0.0847993734663748
0.4845788869147337,0.5773849092371471
0.8162683486618386,0.41048622577605115
0.5365540575459642,0.5391440938466213
1.0989680079097008,0.30958611773658806
0.36451885577297877,0.6703676321769112
0.5808599271521099,0.5103692411628307
0.8750390883634954,0.39152264604338344
0.09875350174057135,0.6337495595481263
0.5117136978999074,0.5568938691627593
0.009296070750568763,0.5003844073992438
0.09061330404969406,0.6236419185768707
-0.05984507860532981,0.37884104557116083
5.906268785728501,0.007214941888620007
0.3883531070838082,0.6530818019002775
0.1491389045045224,0.6845160721237037
0.9610357302781175,0.3625804542201351
-0.09946851660074682,0.31027021370579966
1.5824848166797199,0.14806036750908916
2.252840003315736,0.09125364195037568
1.082003878541079,0.31657967184518127
1.4497911323778632,0.1729119073613402
0.5201075347122158,0.5507772488809435
4.9622966347881,0.018876138218630836
0.4654077165554868,0.5923805508514861
0.94684851276617,0.3675334531042105
1.3550577342493297,0.2023481728326151
0.49231797387940646,0.5714400332859899
2.54615962317633,0.08631594597475353
-0.24655228643605592,0.11252151839094089
6.407930693100797,0.017118314462161797
0.11103758406721596,0.6480466089831388
0.3749354900833208,0.6629820978257366
0.8468920331505377,0.40061288357561115
5.363447067504132,0.01036897818523007
5.037772073432831,0.01686250111760864
0.5407312222767432,0.5362677939583239
0.36719306006429603,0.6684997745426483
0.6671820993014932,0.4652953133803158
0.23122552206176322,0.7197757492992884
1.7516228317530969,0.13397592237707276
0.44485265402635576,0.6087333545056204
1.3339640606900465,0.21014687778644467
0.08173463119794051,0.6120691356801559
0.34677025807323514,0.682196345008044
0.3639974262721136,0.6707294353531648
0.3052760726915641,0.7048629339673783
1.485655342971098,0.1643820842244005
1.4146245597754976,0.1826936942741365
1.109855625024294,0.3050362426649659
0.48991826202462124,0.5732756389292721
0.3312841532691191,0.6915730994288977
0.23485455865898347,0.7199905152423743
1.480996196450539,0.16540858253211863
0.779563133002219,0.42254995388275274
0.7451783136913659,0.4344023452429989
1.4313077825883327,0.17787818668508676
0.6866466292799527,0.456889814730563
1.0791219420200044,0.31775555158317553
0.10813049437408648,0.6447697668330103
1.078477517502237,0.3180179879643872
1.5811020586817446,0.1482337281321168
0.6497180746888476,0.4733304697720535
2.679162781845994,0.08143145468390305
0.2562616279763204,0.7191284708011332
1.1008884909030088,0.3087869173213691
0.17772701839308705,0.7035676382857623
0.14891256022318658,0.6843362445278738
2.9830757818556064,0.05989498837136936
0.5376386687633923,0.5383941197987242
3.2447090488125196,0.04220957811313878
0.017346050747051756,0.5139806671432291
0.03021966252890977,0.5352389048662272
0.19207920382952082,0.7103777291922929
0.38246947768505196,0.6574711001210902
0.731555680908895,0.4393280745025441
2.234964662037258,0.09199156958485037
0.32334601774296934,0.6959811799140726
0.2945051411120052,0.7093113748432233
0.8683649821769055,0.3936862088138989
2.4438807753895,0.08802386386655606
0.6549461424757644,0.4708730457707514
-0.2237088623081077,0.13561890384137215
0.2050695941348158,0.7149653276472566
1.4794963390891305,0.16574415528645428
0.5532231348092775,0.5278645589927723
0.4281169143549043,0.6220972646504356
0.2805470631917454,0.7140312890900755
0.40669236694715166,0.6390156578231416
-0.0321607756374513,0.42795835270554816
0.7899688949308545,0.41908541087614853
2.10708953983276,0.10097782723063957
0.29143797265200155,0.7104528579252148
0.5821544483717568,0.5095874295841929
0.2974862418791496,0.7081477170504542
0.8308801475283272,0.40576733819613403
0.5287890858008888,0.5445764368500109
0.793668724279285,0.41786362371716357
0.20350217802162596,0.7144904965136746
0.36392234061471407,0.6707814692736128
0.7587112278256347,0.429650351611491
2.2854121898646493,0.09019954313087292
6.8869624059249555,0.009879497787570343
-0.02298966696860362,0.44420626479136816
3.6339614464931502,0.029559921343830963
0.13063381265745358,0.6683398738777342
0.09613133736079177,0.6305474764678284
0.049575917510188416,0.5658347393403201
1.8627663540305395,0.1259197919269013
0.7909814378125296,0.418750559280163
0.644622193411188,0.475770198958456
2.55141332471699,0.08618454020754716
0.03156535478331482,0.5374224064045875
2.111090285386223,0.10060396409345956
1.1230967313745055,0.2994437781032629
0.5684262033355842,0.5180507507189662
1.7297630181880665,0.13539147073807278
0.4910275233696414,0.5724262378084032
4.834699619542897,0.020697349522094958
-0.06591451193838427,0.36814349960244397
1.035455061373905,0.3351056627294689
0.9574782506364327,0.3638303313213466
-0.13934122964948348,0.24609710810261287
0.7540105961564264,0.43128647732877445
1.1944902487313853,0.2685181624987942
2.9077808935332494,0.06613764929435535
3.40816991707095,0.03698851253470127
2.611194736528214,0.08433527952058333
0.8154923922747355,0.41073763223006504
0.9577908956580587,0.3637207027147281
1.7191180628370342,0.136087828342349
0.29266219814000316,0.7100041066110239
0.26684746661429337,0.7174184749506365
0.43806980257911265,0.6141535128285919
0.26988686965747094,0.7167786458923846
1.863819932503135,0.1258306217866899
1.561966361977536,0.15079042965523848
0.3768275365844926,0.6616105204078696
1.0924368056117357,0.3122928889684776
2.085349937038025,0.1030903848200651
0.5898381461577427,0.5050165298558271
1.2571299649390517,0.24131946511896638
0.9934134537769564,0.3509471123848186
4.742490556238445,0.020838219499720683
1.5374862573046073,0.1545245364051171
4.986695483102871,0.01828484583661009
2.7948507622491605,0.07463578478397812
2.68473488915577,0.08115624494000895
1.046332664969659,0.3308678589357504
0.14485444680082746,0.6810357293540075
0.2988506963315344,0.7075975916076427
0.5146133654376205,0.5547678405422368
4.346089105798548,0.0256150857659346
2.6364885983674147,0.08335362521924064
0.30549481789104815,0.7047657358061727
0.22464195726154793,0.7191094626166633
3.5631690929953845,0.03181115055488184
0.6563273034971299,0.47023140188275725
0.7771218371089578,0.4233695319762998
2.8141766978110945,0.07329432079740031
0.06389303918212991,0.5872010269493698
0.4298781470738443,0.6206935478286767
0.41373512235147525,0.6334958866541701
0.6508665418984602,0.47278672154511603
-0.24396660568552647,0.11498824081153988
1.8518488643255653,0.1268268260298717
3.6669525202320203,0.028769867374464003
-0.1400068132306964,0.2450815766126236
1.3885075768749278,0.19085263740402778
2.818922083520185,0.0729568485058409
0.10498136886545911,0.6411448516896598
1.6956490249388496,0.1376712203096135
-0.16305469463609018,0.21122325798291916
-0.22942924686293598,0.12955750409053604
0.40196211122667413,0.6426911286339001
0.22085048406057303,0.718561686854641
0.2894544416154133,0.7111603751225184
1.9554187945794594,0.1170329003463226
1.841354705916709,0.12766997184965168
1.4326971098551797,0.17749136586061953
1.6444246541351333,0.14161199701831753
0.2025258557370164,0.7141838678610022
3.01947998845292,0.056869127491732514
0.6888013877241309,0.4559921155069195
0.6276099978101886,0.48424605289243383
3.0102409231515184,0.05763197988432835
0.18573620601686708,0.7075947109786074
0.5296381454675831,0.54397711411944
1.079257331565016,0.3177003920382668
0.4163562523037091,0.6314293474382607
0.8587841314593192,0.39678168246018863
0.0775831157054397,0.6064694493369763
0.47715876428344933,0.5831481540345829
0.32050377430922966,0.697487808963523
0.18082544138668166,0.7051935912748044
0.05401015409682085,0.5725764199206598
0.07823144692010037,0.6073516489774242
0.25855484062974304,0.7188276552964954
0.03309092377754955,0.5398882595068236
0.6845885159588643,0.4577531123684593
2.920149538276263,0.06512906622996023
0.37951007545815424,0.659651360370114
0.5592209617256789,0.5239379667788538
0.3836265156912592,0.6566135202383725
0.42213943910450935,0.626850898544831
0.9716151713753153,0.35883115247164454
0.2306664290817328,0.7197330851041032
1.6590590364914584,0.14039209476991318
0.8546045686554027,0.39812918964410215
0.3333585794347332,0.6903745682764376
1.0540517391095379,0.3278261948466432
-0.03492725057932189,0.4230467491526585
2.523355634706838,0.0868307903291588
0.9536901061426762,0.36515537589717123
0.3097478246501149,0.7028237847877031
0.6325753756993276,0.4817182922320037
0.3772869591150574,0.6612761798950407
1.3328004780050344,0.21058838877829042
0.07801594573632761,0.6070587255602655
0.3146228276256819,0.700478828815363
1.1111659898537831,0.30448560283608744
0.3669585162396576,0.6686644090270337
2.0259153813999586,0.10936844230497726
-0.15156917532640313,0.2277712352640782
1.2802247948508694,0.23158358176932442
1.2034597935288178,0.26459131761086957
1.5469080268764341,0.15302244984757443
0.3462026074054308,0.6825567475079344
1.0439954629274688,0.33178321044909
0.12398179417308605,0.6618079947514834
0.025182705639161,0.526998628277387
0.728495900179154,0.44045657603060007
0.5141648796941903,0.5550957840312983
-0.024463699164789063,0.4415995745547567
4.926567520094708,0.019609152525602972
1.1990834589222905,0.2665070958564219
2.34306503261485,0.08905841469612745
1.152774437764813,0.286710375118938
3.66382968976805,0.028835259816825047
1.5603699413250265,0.1510175549893428
6.027369382912163,0.00817860081060699
0.12110413045187346,0.65886750293132
2.418238267234475,0.08827545275205506
0.11437433679386809,0.6517245367745276
6.74514954335711,0.01223281361316776
8.555310204232834,0.004851761413988528
2.4990664617983263,0.08728537295319905
0.49866680444106504,0.5666197147825329
0.1506185125561351,0.6856804799747073
2.4685867406194344,0.08773602174515834
0.15590193209842468,0.6896804691396046
0.23920890996921151,0.720107317753233
2.045904365831553,0.10719970193549028
0.2761164876467209,0.7152666416682263
1.0046354099551453,0.3468018254246333
0.6305339213284636,0.48275207439789947
2.107756838889618,0.10091512624883137
0.4961533397965446,0.5685216097948732
-0.0574968989274333,0.3829913258152613
0.6099855432140577,0.49359182179284017
0.39498427260032004,0.648056434828077
1.8980081372645152,0.12277991526597827
3.1130120952942444,0.049632906260432985
0.46955779420795646,0.5891070343942736
0.06990076530511227,0.595804253057035
0.8120845192414281,0.41184304457261495
1.0279033930058998,0.3380140989340514
3.0447759653516107,0.05481078548599119
0.04361506726033254,0.5566074213071619
1.7129733302435781,0.13649467454436529
2.2560951874197817,0.09113199876474135
1.196036750832111,0.26784104374120965
0.03436768544053128,0.5419440399961553
-0.09496028843903902,0.31788274785953163
0.9672304301668755,0.36039102966961767
0.5689032404161887,0.5177502896464911
0.5083172085212909,0.5594011003060193
0.9593614661826221,0.363169357465224
0.41931489621343476,0.6290900107228377
0.22530741046380728,0.7191931674926018
0.18089290559002477,0.705228038547445
1.765250203363398,0.13308877379640874
0.5829920705144194,0.5090833601148214
0.187884445311097,0.7085773896457107
1.725932731989075,0.1356410441030991
0.2719167411690043,0.7163153180575795
0.21752224375345514,0.7179808062541205
0.026016772820340345,0.5283702904346814
0.6210402713556158,0.4876608362799676
0.6360966237256597,0.4799529318081919
2.1523377043173646,0.09706669454958179
0.45686250154378527,0.5991563920131551
1.0195358232087401,0.3412044774933997
1.2904800009701758,0.22734594247524328
0.9598193506638604,0.36300842074428785
0.062164016020209156,0.5846839070901879
1.3182667710471219,0.21619565976879404
0.41538591505844635,0.6321950639342248
0.16095393192465562,0.6932735050000483
0.548444408470192,0.5310435929370559
1.4639584662169214,0.1693688432796135
6.762649516024473,0.011934471570037745
0.45582214700557666,0.5999840050639406
3.345337697323082,0.038782926208226036
2.663505926112824,0.08217503186841717
0.7335237812733554,0.4386066847650595
